8.144719
7.965868
8.555145
8.849071
7.538811
8.578973
8.160053
8.599644
8.657497
8.330166
12.01115
8.307121
8.516664
9.617888
7.883741
8.650269
9.040534
10.93155
8.633574
8.1155
10.09579
9.55986
10.09922
10.27981
7.845341
8.980359
9.303136
10.19127
11.03476
10.71539
11.50756
9.577039
10.16152
9.19554
9.872666
9.16142
10.66982
9.565853
9.330328
12.46238
9.071761
9.839785
11.08015
10.40482
11.06
10.91921
9.637421
8.792183
11.03113
10.64775
8.834171
9.016147
9.515215
10.03155
9.144567
13.91718
11.14261
12.00363
11.0279
11.10903
9.420544
10.21551
9.637257
11.51148
9.60236
10.21496
9.898112
10.74262
9.617532
11.90024
9.872861
9.531654
10.20006
9.933664
10.16464
10.4722
10.13789
11.88359
11.13045
11.2409
12.49927
9.290137
10.36287
11.21597
10.51342
10.61569
9.561226
11.78441
8.795976
11.1771
11.74608
10.4991
11.74351
9.481143
9.768733
8.991767
9.389963
10.19813
9.578253
10.63244
10.20876
9.270962
11.0606
10.01123
11.02643
9.128534
10.1044
9.662661
10.44879
10.73154
11.18537
10.87233
11.23452
7.504525
9.946906
10.35754
9.792522
10.05825
9.504469
11.10555
9.580578
11.45033
10.6506
10.16117
11.71529
10.95652
10.44586
8.953628
11.27672
9.23518
9.686793
10.28034
9.324149
10.29631
9.3003
9.344859
9.142972
9.508463
12.42488
10.8862
10.0585
9.210182
9.879508
10.15906
10.91138
10.54025
11.39669
9.672847
11.33285
10.69294
9.715275
9.176783
10.47146
10.66957
9.998747
9.721352
12.20589
8.984543
10.86386
10.7713
10.20424
9.815021
9.860966
9.178215
10.47832
12.37814
11.09202
12.06592
9.261892
11.45003
10.8485
10.16225
9.124325
10.85754
11.12836
12.58484
10.09576
11.29325
12.27165
10.61251
9.908721
10.91783
10.37862
9.5587
10.42736
10.89396
9.606959
10.95467
9.401685
9.543142
9.347356
9.792672
10.08299
10.32131
11.01316
10.10174
11.4173
10.47862
9.638747
9.429225
9.967134
13.00481
12.01081
11.52146
10.74107
10.94499
11.47657
9.949045
9.88595
12.1818
11.71109
11.37541
10.69028
10.67285
9.875209
10.76318
11.18449
12.17045
11.58239
12.42132
11.08649
11.17598
11.0776
11.02697
9.953464
10.30868
9.928491
10.83439
11.91834
11.4982
11.0175
11.28317
10.37086
11.22355
10.42451
11.75525
11.45058
10.76327
10.77216
12.36967
11.44717
8.680968
11.68701
9.313862
9.627398
9.790127
10.78877
10.18089
11.99846
9.761833
11.1556
13.62864
12.08902
9.34117
10.66366
9.537634
12.51096
10.39955
9.868782
10.62883
11.8311
9.527105
10.17526
11.13417
10.01585
10.29885
10.46732
11.06873
11.24201
10.79097
10.44174
8.702415
11.52472
11.58018
11.83281
9.548334
10.56938
10.3393
10.97863
11.57002
11.00412
12.44197
11.07885
9.879881
12.21535
10.51767
9.321436
9.357142
11.19218
9.635128
10.11846
10.49426
10.41847
9.241304
11.59611
10.1325
11.3386
10.22749
9.980705
12.27998
10.95046
11.46748
12.7726
11.39294
11.74622
13.79853
10.64931
11.91748
10.93979
10.14843
10.92957
9.194687
9.603654
10.68566
9.268741
9.94418
10.34337
10.21556
10.1477
10.50132
9.545019
11.09003
10.33732
11.04988
11.03652
9.490099
9.662838
10.49473
11.0873
10.63066
9.216892
10.61899
9.777859
10.64272
11.37425
11.92694
11.05491
10.13651
11.15538
10.95998
11.22433
9.645576
10.73894
9.889105
10.94992
11.89827
8.724828
9.624642
10.91384
8.586523
11.02131
9.566771
11.1443
9.441262
9.307658
9.797075
10.92457
10.86158
11.14471
11.68505
8.506381
9.306114
8.759754
9.645541
9.45209
9.540712
10.62718
10.09636
8.746293
8.803571
12.08822
9.224745
9.064281
8.108751
9.922093
10.2944
9.687543
9.959983
10.82612
9.636603
11.86868
9.486771
8.580564
9.27384
8.55803
10.01662
10.41168
9.821851
10.79878
9.610188
11.03831
9.384109
10.33643
11.01066
10.66098
10.94425
9.515818
11.80297
10.16307
9.886994
10.96708
9.085818
10.07484
10.96027
10.62997
9.886276
10.18973
11.05553
10.09574
12.43397
10.77689
9.250578
10.34069
10.8696
12.28879
10.85105
9.644173
12.02049
11.06661
12.35375
9.905324
9.590233
10.29316
9.701902
10.70497
10.31319
10.6327
10.67725
10.82221
11.76655
10.11385
9.991735
11.55121
9.740971
12.75085
10.30543
10.43939
12.71393
11.46128
11.8374
9.72492
10.12375
9.11153
11.59603
9.461786
9.058999
11.30515
9.806319
9.647285
10.02657
9.629808
11.85548
10.3982
10.70606
9.672495
11.49269
9.573967
9.472531
10.91242
12.25697
9.405914
8.783397
10.44556
10.4709
8.918058
13.36953
10.42674
11.54004
9.633251
11.01437
10.2833
10.25884
10.80194
13.35112
11.371
11.54925
12.02754
10.44359
11.22548
11.45565
9.954117
12.50422
10.04371
10.81493
10.88688
8.583535
9.343078
9.267609
8.896334
8.912942
11.67613
10.12324
10.71026
9.144113
11.13981
10.95545
12.20283
10.44011
9.066538
11.84413
10.81849
10.43832
9.51764
10.10646
9.471971
10.43549
10.7644
9.309786
10.73844
10.35769
9.417776
10.57132
10.36159
9.907543
10.75995
12.06147
10.36953
9.965166
8.412081
10.28614
9.004085
11.36661
8.916928
9.176776
10.60816
9.824444
12.20583
9.764533
9.448591
9.746453
10.31918
11.09969
9.962003
8.712051
10.63122
10.45476
10.94661
10.59789
9.833118
10.15448
11.4167
11.69265
10.60826
9.615429
10.72285
11.06954
11.07253
10.29409
9.705633
10.89486
9.255431
10.83924
10.33615
9.572497
11.50869
9.739024
9.587292
10.30957
9.149288
9.357293
9.019816
9.317188
8.319445
9.592714
9.70844
9.648391
8.142526
9.506667
9.950925
9.512485
10.61741
11.20092
9.941767
9.820825
10.44642
8.050155
8.794207
10.31857
9.07694
8.297907
8.178893
10.09478
8.373259
8.987676
11.17819
8.888259
8.258261
7.916441
10.29452
8.251269
9.881716
10.27153
11.36622
10.54951
11.00879
11.34934
11.45325
10.21435
9.902001
10.01623
11.13587
10.35746
9.921532
8.132054
8.858333
9.409563
9.808796
10.27099
9.098311
9.363415
10.13061
8.741876
8.79761
10.90716
10.7493
13.49894
9.907834
10.66047
10.38746
10.99872
10.84826
8.914156
8.89514
9.522019
9.831077
9.968089
13.43048
10.42085
8.607763
10.0858
9.841417
9.138719
10.52255
9.504357
10.88307
9.771904
9.507466
10.67332
10.42416
10.01685
9.75238
10.00275
11.28318
9.913802
10.63851
12.2849
9.560608
9.54773
9.004123
9.081947
8.726812
8.952897
9.746225
10.69529
9.709322
9.984353
9.683351
12.15397
9.709705
8.436766
10.6523
11.00659
8.956453
8.261654
9.221379
11.14951
10.88147
12.11749
9.429784
9.96775
9.674317
10.70155
11.92178
12.27375
10.64378
9.567379
10.01663
8.849947
10.26138
11.75926
9.688099
8.910962
9.381701
10.29545
9.185325
10.69165
10.14414
11.33238
10.3389
9.586792
9.1049
9.24446
9.80759
10.75177
11.81257
9.247386
9.252437
13.29107
10.44415
10.88158
10.38756
10.66265
9.752682
9.999309
10.53107
11.06197
11.21159
10.12142
9.824534
10.23489
8.506889
9.089943
7.824442
8.161445
10.66493
10.42197
10.46433
10.93071
9.705044
10.78347
10.15998
12.01391
9.22304
8.169509
10.79312
9.283573
9.010292
8.686216
9.12288
10.21958
8.976915
9.053211
10.19033
9.398007
10.26686
11.35484
7.662708
9.223102
8.620898
11.88364
9.565706
10.12699
8.168199
10.95483
8.968126
9.351373
9.303982
8.596882
10.67684
9.626962
10.00297
11.69985
9.886563
9.157488
10.41478
10.99108
10.10364
10.70939
11.17659
9.054609
9.746758
9.416428
10.88909
10.78545
10.31259
10.97977
8.930354
10.96406
10.53643
10.68421
10.41845
8.923975
10.07198
10.96821
9.417192
9.191406
10.94524
10.82791
10.4028
10.12394
8.497665
9.662634
10.61356
9.522938
10.92273
11.12741
8.464147
8.479444
8.506588
9.272726
10.14589
11.28113
9.429847
11.76298
10.08627
11.61327
12.32896
10.28369
8.098742
10.94102
9.860381
9.646427
9.834184
9.460818
10.78457
9.930254
10.83097
9.458535
8.421661
9.565308
9.552936
9.283229
10.43926
8.68655
9.453228
8.968305
11.32565
9.328374
9.497443
11.14762
9.653067
8.574815
11.40759
10.35241
9.769205
10.9077
9.008004
9.588021
9.413047
9.008532
10.353
10.08964
9.894433
8.911737
10.81665
9.576124
8.362228
9.054746
8.527049
8.275789
9.955808
9.807554
9.21316
10.85194
8.893367
10.4075
8.854835
7.434914
10.72923
11.06923
12.56577
8.66193
8.366102
9.349953
10.3607
11.05984
9.270729
9.9598
7.36234
8.065413
10.43797
10.9733
8.303451
9.419701
10.15313
10.08768
10.06994
9.963483
11.44759
10.71748
8.430196
8.424719
9.18603
9.579865
9.416567
9.105054
9.214563
10.14673
9.798557
8.571994
10.21264
10.17038
11.5515
8.961859
9.554366
9.477526
9.679498
8.953665
9.148398
10.19875
8.413264
9.94965
10.19617
9.760756
9.607377
11.63459
10.19162
9.444062
8.664559
12.73667
8.851715
9.035969
10.72131
9.226811
10.05454
9.430559
9.054714
10.35632
10.03592
10.02366
8.068975
9.115375
8.740359
9.848441
10.83304
8.495923
8.696501
11.13665
9.483981
10.63853
9.696875
8.027645
9.883778
8.789834
12.3542
9.740605
8.408048
8.878376
12.02386
8.426118
10.29946
9.625942
9.834107
9.625753
9.000806
7.906885
11.38292
9.737326
8.570107
9.426542
9.954049
10.45676
9.730863
8.835894
10.60113
7.886269
11.23305
8.741959
10.59045
8.556218
8.032284
11.33539
8.148052
11.96012
9.087051
9.295426
9.391739
9.614465
10.44109
9.100575
10.07061
11.06139
9.718986
8.82602
9.027731
10.19584
11.20888
11.45146
9.743603
7.677083
8.646796
10.68149
9.652713
10.27104
9.541978
11.07693
8.686325
10.38498
11.17623
8.731873
7.709098
10.0479
8.222008
9.794903
10.37046
8.888843
9.487452
10.71573
11.53003
9.035537
9.996624
9.114622
9.153483
9.408853
9.732778
11.03543
9.296276
9.898376
11.60896
10.5982
8.091246
10.204
10.08219
9.047636
9.718163
9.870658
9.032358
9.693426
11.8371
8.544854
7.714109
9.278718
9.991701
8.272926
10.08522
9.139508
10.29153
9.945807
12.23921
9.841785
9.578378
12.20101
11.74318
11.5657
9.97088
10.09691
11.33253
10.27427
10.4273
9.161366
10.71354
9.149915
10.47982
9.560554
10.09285
10.1328
8.086453
9.779487
10.45174
9.592478
10.00232
10.15071
9.365293
12.16232
10.91575
9.553077
9.079884
8.827222
9.376998
9.208746
10.3091
9.287807
9.11961
8.885332
8.203762
9.297401
9.158387
10.24743
8.166317
9.741995
12.68148
9.41282
12.39622
9.439449
9.311895
9.448968
12.35159
9.434489
10.81732
9.100539
8.861925
10.14979
9.819271
10.21808
10.53616
10.63916
10.2077
9.69683
9.466228
9.103418
9.842922
10.42886
9.84408
10.55522
10.86992
8.332181
10.63881
9.97042
10.14085
10.34102
11.00893
8.819661
9.113702
9.860708
9.63037
9.890098
8.85206
9.046737
9.967013
11.13547
11.61938
10.67659
10.64603
8.568538
9.67478
10.58241
9.745574
9.824488
9.489955
10.33054
9.821961
10.30117
9.618646
9.250432
9.740156
9.213718
8.611884
9.153411
9.263466
8.74529
8.611542
10.06837
10.99748
9.300927
9.63954
10.05704
8.843211
9.482161
10.18168
11.25983
9.610162
8.514923
8.512184
9.013397
9.11079
8.116208
8.821676
9.562693
8.103273
9.986383
8.997074
10.2686
8.8382
9.579693
9.762713
8.979191
9.357658
8.321007
8.646888
10.6983
9.192291
9.95396
10.71777
8.092673
8.371576
9.60658
9.943068
10.16909
11.24115
9.031018
9.448238
9.652536
9.788684
9.137791
9.499622
10.26871
9.423982
9.933654
9.197194
11.18608
10.55561
9.692798
10.50151
10.51414
9.731376
9.078204
10.78563
10.10786
9.923771
9.302339
9.206625
10.73993
11.78868
11.94493
12.20852
9.245169
9.039232
10.29232
9.247915
9.717868
10.1051
8.509663
10.56919
11.6174
10.31979
10.12923
9.244808
10.34422
9.697244
9.52893
10.11513
9.529703
10.16196
10.30747
9.502951
9.005778
7.849671
8.612694
9.132196
11.35963
10.73512
10.48115
8.560206
9.011084
10.31512
9.284393
10.11271
9.740681
9.658655
8.137345
9.727977
10.05913
10.04922
8.458857
10.37876
11.49772
10.50729
9.297977
9.185259
9.822639
10.05368
10.63882
11.42609
9.61498
10.37708
8.379246
9.057983
9.045639
10.10144
9.430079
11.82202
9.861061
9.078623
11.826
11.6208
9.619136
10.86258
10.88082
9.552488
9.809459
11.8936
9.616556
8.653587
11.0657
11.245
9.665221
8.618173
11.86975
9.453237
9.965761
11.00614
10.76531
12.43801
9.390165
9.619922
9.602734
8.737587
9.260855
11.1114
9.314428
9.020284
12.48023
9.074633
9.879009
9.129976
11.31621
10.25508
11.79305
9.629007
11.57294
11.78357
8.875321
10.81256
10.61829
9.839719
10.85555
10.20476
9.735052
11.45659
10.03683
10.55537
8.517062
8.908878
9.092041
12.60099
9.911837
10.89543
9.309637
9.478556
9.992294
8.629649
9.932983
9.085629
9.532048
10.17907
9.733614
10.04872
12.32239
9.064687
11.49156
9.427019
9.367768
9.995492
9.474947
8.7966
9.740456
10.51561
10.07786
9.814774
9.7925
10.09296
9.160462
11.82495
11.02389
9.90451
11.43861
9.512185
9.615187
9.999975
9.461953
9.072447
10.18073
10.71571
9.8976
9.73364
10.31638
10.31576
10.40797
9.445534
9.207361
9.776057
9.379429
10.0718
10.45569
10.70269
9.040166
10.68675
10.5981
9.646903
10.96452
9.239843
10.72282
11.48779
9.176806
9.782146
8.99713
8.686483
10.09638
11.40077
9.649005
9.094251
10.64723
10.65413
9.419555
9.439693
9.053998
10.26515
10.15443
10.85506
11.06979
11.21981
10.06219
11.66491
9.493377
9.350304
10.47661
9.81046
9.826504
10.50272
11.16783
10.67331
9.783548
9.575601
11.06406
8.868027
10.85446
9.952104
9.243761
10.4802
10.52537
10.13028
9.03823
9.389218
9.008586
10.10468
9.551164
10.07325
11.59024
11.75309
13.25056
9.835312
8.980253
10.27884
8.946836
9.961253
9.054933
10.8801
10.26737
11.29764
9.910733
11.18271
8.995338
9.726709
9.815897
9.126481
11.3738
9.69055
11.90638
11.07781
9.865427
9.904408
11.02128
11.8096
10.17953
9.794769
10.74969
11.36526
10.73477
12.35094
9.459304
10.10522
10.42735
11.11081
11.55663
10.00462
10.17693
9.75719
10.04378
11.62133
10.51611
11.68861
9.722288
11.56407
11.86066
9.728709
9.811753
10.68946
10.10626
10.91085
10.0418
9.482069
11.1786
12.05038
12.05704
11.39862
9.421564
10.99627
11.02944
10.62865
10.80157
11.18973
12.32149
10.77433
10.0582
11.9836
10.82781
10.66904
10.02527
10.28164
10.61619
10.47959
9.230786
10.27134
10.48656
11.68814
10.26777
10.26483
11.27419
9.746185
10.17635
8.802023
9.077516
10.69459
11.59182
9.752493
9.815253
9.998299
11.01452
9.873076
8.69212
10.4143
11.82342
9.363601
10.6018
10.33713
9.974232
11.95174
9.978468
9.846125
10.50624
9.679399
11.08976
10.4095
10.47803
11.97677
10.37671
9.477614
14.06244
10.71086
9.535701
10.19629
10.82956
11.68468
10.21161
10.90278
10.92619
10.42681
10.30337
11.27653
12.39997
10.66865
11.97237
10.15211
10.5386
9.888763
10.35024
12.31699
10.86021
11.87763
12.39284
10.47013
9.928319
10.25114
10.56688
10.85701
10.99283
11.07712
11.89866
10.79554
10.71785
9.784572
10.55851
9.776733
10.23248
10.14377
10.49393
11.29566
9.427875
9.867486
11.99001
11.98174
11.13219
10.12504
8.971995
9.337605
9.414344
9.874223
9.014153
8.888605
8.995895
9.1284
11.22831
11.1556
9.26702
8.922344
10.08765
10.00761
10.54969
9.312816
11.43151
10.43228
9.104982
10.38833
10.8504
9.337235
10.32989
8.58163
10.24428
11.07866
11.46279
10.34937
11.13504
9.968332
11.9044
11.10851
10.19338
9.415887
11.18504
10.91863
10.82359
9.141636
10.37559
10.54802
10.9281
10.5312
9.768742
11.09797
10.53541
10.9267
10.01607
9.636069
9.143771
9.455082
9.143169
11.12163
8.846261
9.832743
9.641464
11.208
10.65613
10.59567
8.598877
11.1634
11.6066
13.29278
11.68789
11.90095
11.97092
10.3619
10.8324
12.8156
11.058
12.55677
10.83483
10.70188
9.630376
10.21646
12.52122
9.554566
9.11356
11.20363
10.2512
11.063
9.936413
8.80971
9.464343
10.35625
9.31188
11.54367
10.55805
11.70969
9.043242
10.59146
11.73239
8.660315
8.74953
8.621892
10.72837
9.036135
10.86531
9.791078
9.786086
9.523551
9.823327
10.60308
9.80986
11.33747
10.61293
10.09693
10.39264
11.67176
10.26201
10.15354
11.7334
10.41705
10.37001
12.34604
9.482432
11.82685
10.39539
9.824739
11.74771
9.282539
10.31907
9.291761
11.20562
10.3278
11.84818
9.947461
10.26093
10.95285
7.82208
9.957974
10.56391
8.648708
11.19889
10.04142
11.27407
9.877288
10.82945
10.8035
11.09733
8.792338
11.94828
10.14722
11.37156
9.307425
9.149479
9.867086
10.13307
11.87266
9.444896
8.751289
10.26997
11.87267
10.47773
10.12671
10.31941
8.934971
8.393067
10.45244
10.62924
9.630625
10.59865
8.84799
9.11749
8.675224
9.113531
8.834597
11.4859
9.126365
11.25641
10.68314
9.66019
11.00931
8.729684
10.33019
11.76398
8.225701
10.67835
9.841276
9.16212
9.155159
9.279069
10.29954
9.227612
8.89475
10.8731
10.16927
8.843756
9.104346
8.346186
9.280493
9.692704
9.665941
10.45395
11.36801
10.31681
10.54051
11.31306
10.77208
10.36072
8.780727
10.70755
11.15895
10.45216
11.46356
11.69716
11.70996
10.3004
14.76084
12.52742
11.23665
10.38327
11.39807
11.24945
11.57332
11.31918
10.03924
9.902942
10.19385
10.59642
11.25342
9.679869
10.5191
10.43474
9.751622
11.42892
11.2642
9.43106
11.0077
8.932652
11.41673
10.58631
10.7907
12.62556
11.25825
9.607435
12.66443
10.27534
14.37221
9.100606
10.81178
11.55239
10.95312
10.8654
12.44508
10.52734
11.37165
9.845674
9.798263
12.23437
10.2245
10.97341
10.64878
10.13346
11.1355
14.49071
10.03311
11.00031
9.633947
10.44663
10.73732
10.15592
10.94547
11.92458
12.05061
8.950202
11.72585
10.97629
10.00557
8.689056
10.31717
10.30034
11.44565
11.05729
11.01039
9.2972
11.9546
9.318088
8.466188
10.42087
10.10531
12.16241
11.76524
12.13029
12.46347
10.61419
10.50385
11.13036
10.01471
9.803832
10.56341
11.23179
10.75749
12.49847
9.851414
11.10123
9.205365
10.5443
9.46302
10.36802
11.48003
10.00581
11.27628
9.527927
10.10225
11.31946
8.97513
9.666158
11.08823
10.0596
10.4989
10.62324
9.995878
10.26922
10.10855
10.38626
10.3505
10.79829
9.913532
8.843986
9.882553
10.03772
10.05678
12.20895
9.732122
10.2968
10.44516
11.03223
10.82505
10.40758
10.20199
9.916195
12.57356
10.91423
9.356465
9.776636
9.183218
10.00994
9.295184
9.533694
9.490321
10.18874
9.18205
9.961943
11.85372
10.80959
12.25496
10.53784
11.47796
11.71662
9.624793
9.289932
8.891662
10.77699
10.15914
10.01828
9.776954
10.77895
9.702506
9.975896
10.72718
11.24152
8.922144
11.53703
10.32772
10.68084
9.054088
9.85181
9.835736
10.41008
9.464496
11.76374
9.065571
9.089951
12.53611
10.21593
9.875914
9.809997
8.94231
10.63344
10.94638
12.02893
9.922821
9.943007
10.47131
10.6519
9.549785
10.44702
9.700316
10.47993
13.10714
9.354044
13.4393
11.06886
11.7056
10.80252
10.31534
9.567657
9.765542
11.3705
10.55267
11.51604
11.27682
10.63102
13.98152
11.54693
10.70446
11.64418
9.70424
11.01281
10.10792
9.06273
11.72657
9.777659
9.937287
11.28028
11.25076
9.922497
12.00905
10.82796
11.64069
10.8587
11.38715
10.08225
10.47991
11.13306
11.16156
10.19316
10.01802
10.61815
10.77992
10.03514
12.55357
10.61311
9.272405
9.022493
10.10431
9.551463
11.10923
11.89032
11.23158
10.87958
9.730147
11.05415
12.38299
12.16429
10.37829
9.504037
9.536227
11.41158
11.11173
11.87057
12.84843
11.56574
13.30184
10.5726
11.21705
11.79859
9.716008
9.6437
10.18951
12.26145
9.445765
9.925156
9.919215
9.810737
10.41842
8.957242
10.6852
9.909122
8.962027
11.34406
10.50807
12.42385
10.65824
10.82895
11.0898
10.0531
12.7077
9.86691
14.27409
9.395789
11.26719
9.680541
11.13888
10.08062
9.803761
9.796313
9.831354
10.12713
11.05532
11.47915
8.67559
10.3461
13.74855
9.271116
8.888797
10.02513
9.391274
11.75755
9.347944
10.68112
9.590362
10.72349
10.1306
11.51823
10.49329
9.423887
11.36735
11.17827
11.18869
10.18084
10.03143
9.992729
9.94052
11.91858
10.6211
11.49106
10.8111
11.19501
9.646655
10.6836
10.63009
9.096906
10.39958
9.042143
8.998458
11.43028
11.01065
9.785868
9.770108
9.442498
9.947795
10.01055
10.99888
9.18755
10.04503
9.388851
10.23718
11.08141
10.73547
11.03155
9.830596
9.683297
9.123439
12.61165
10.22077
10.65261
8.508731
10.0876
12.04051
10.0033
10.02544
10.82736
10.18843
10.19733
9.957639
9.864181
10.12214
11.07344
9.550117
11.86641
10.07118
10.08755
8.847159
9.842864
8.882252
9.662772
12.17088
11.13518
9.145313
9.161702
11.39392
10.87035
9.377972
10.16502
10.92031
10.16352
8.57298
9.416826
9.468471
10.29663
9.489142
8.187167
9.743753
12.17871
11.62597
8.720751
9.012191
9.781425
8.993613
11.08482
10.49942
10.71296
10.17311
10.30343
9.586447
10.09657
9.437302
9.768385
11.01511
11.13383
9.687323
8.921379
8.919615
9.548299
9.301698
11.26855
11.24584
8.268328
9.327167
9.517964
8.352082
9.727131
11.15781
10.70865
10.91597
10.14237
10.19965
9.799696
10.23457
9.126385
9.332617
8.454662
10.61651
10.57369
11.01239
10.35862
10.49453
11.80958
9.197684
7.870083
9.489664
9.553236
10.47394
10.25928
9.768765
11.13462
10.0829
9.998196
11.19387
11.01964
13.28184
10.70142
8.584865
11.49031
10.01181
12.12123
10.30957
9.151166
10.34173
10.2283
10.93498
11.23265
10.6905
9.34164
10.17442
10.4308
10.54683
10.89391
10.38546
9.960015
9.97251
10.31017
10.19621
9.821851
10.61419
10.64965
9.809266
10.20416
9.247337
11.46229
12.53092
10.48201
10.52346
10.55871
9.711841
10.89328
10.37303
10.48864
9.286151
9.406688
9.417717
8.04646
9.824572
11.33293
9.401903
11.33361
9.717748
9.694459
8.729529
10.6276
12.91728
9.69792
9.19799
11.13855
9.684731
9.344506
9.900865
10.79165
10.00716
10.26366
10.20475
9.821679
10.4074
9.808085
10.95334
9.57686
10.42164
10.11786
9.481977
9.575406
9.916724
9.217337
9.543659
11.27024
8.821453
10.29137
11.22052
11.01068
10.20146
10.33533
9.894507
10.52898
8.863411
10.1262
10.46401
10.2945
10.53027
10.43683
10.62698
10.67031
9.167991
9.891518
12.3668
9.147241
9.770932
8.868888
10.53232
10.14802
9.325214
10.02081
11.23248
10.20727
9.845464
11.24218
9.491743
9.76116
8.642721
11.40268
9.309278
10.37381
9.530727
10.70778
10.27583
10.49937
10.15811
11.21123
9.966533
8.872592
10.30302
11.53649
9.939843
10.39508
9.515993
11.49589
9.355521
10.01354
9.507359
9.636362
10.40978
10.88312
8.945038
9.90258
9.640948
9.594199
9.103952
11.73309
8.909247
10.29575
9.191466
8.381248
10.95941
9.108658
10.23367
9.93837
9.199552
9.004889
8.604095
9.11287
10.72034
9.108462
8.678468
8.674191
9.955243
9.396685
8.976406
8.866785
10.04628
8.71404
9.931844
10.16859
9.622865
8.479473
9.908408
10.07406
8.558109
10.39361
9.901249
11.4369
11.01347
10.45294
11.3009
11.08288
9.630193
11.22852
10.40378
9.454376
7.523507
9.837245
8.415322
9.64184
8.974272
10.04949
11.10831
10.39356
9.659804
9.281454
8.626774
10.19163
9.800058
8.630128
9.837701
9.538408
9.52422
9.419335
9.642283
9.092418
9.136757
9.632671
9.969778
10.79842
10.39687
10.58934
11.59067
10.56384
10.42452
8.878341
9.344258
10.90777
9.456468
10.20405
9.514653
9.980093
9.919211
11.1062
10.88465
10.74393
9.524082
10.13794
10.54831
10.03971
10.1814
8.186476
9.752349
9.361613
9.551393
9.615468
9.717717
12.1619
8.918694
9.646634
9.137289
9.9761
13.67463
9.767277
7.572186
9.928708
10.63398
9.326602
11.46696
9.661446
9.868523
9.455467
9.544832
8.975731
9.268195
9.260455
7.785551
10.17147
10.85322
9.112458
10.02025
9.817112
8.725106
9.261414
9.554221
10.43459
8.923226
8.42107
8.561914
10.12897
10.40234
8.596311
13.33527
12.64309
10.86627
11.21691
9.652614
10.02325
8.257818
10.06987
9.546741
11.50946
9.464205
9.392422
11.31026
10.66675
9.762343
9.56285
8.943069
12.31844
10.31411
11.06698
9.813316
9.796587
9.181934
9.476268
11.78876
10.33312
9.197595
11.18943
11.18747
11.3057
10.55076
11.0214
10.57709
10.4936
10.54118
10.65015
11.03181
10.79398
10.35573
10.65231
9.968303
11.45285
10.50537
10.7567
9.562719
9.903285
10.86656
11.23761
10.98731
10.7439
10.07543
8.702851
10.54145
11.26193
10.16329
10.96206
10.67063
12.254
9.958706
11.63218
10.38958
9.760255
12.36639
9.880936
10.28674
10.92779
11.34389
9.458108
8.823832
12.19395
10.88938
10.03321
9.393318
7.700783
10.12834
10.68559
10.39106
10.41469
10.27442
9.864584
9.47674
9.405204
8.907676
10.25797
10.97993
9.728426
11.12852
11.40791
10.01218
8.806873
10.50251
10.02383
10.19545
11.10406
10.43544
11.83655
11.681
9.192689
8.608303
9.320773
11.52448
12.04294
11.24161
10.02606
10.90061
11.26392
12.29246
10.05823
9.736479
11.02115
10.1644
11.74824
10.46444
10.70585
9.458386
8.721327
9.766225
10.25276
8.787147
10.11568
10.24912
9.556672
13.49715
10.31943
10.29635
10.194
10.83449
10.41415
9.126305
10.801
9.729842
8.685499
9.650674
10.98353
11.12434
10.07597
10.67493
9.467491
12.38434
9.155946
9.877419
10.38877
8.669802
9.676061
12.57147
10.22022
10.84652
8.735118
11.73823
8.931302
11.07151
10.06151
9.530472
12.00174
11.27241
12.18076
10.3939
10.26053
9.610593
9.503387
10.14549
11.67403
10.51579
10.56968
10.87336
9.69985
11.33506
10.56401
9.72714
9.566825
10.14311
10.05301
12.16636
11.17906
9.627906
10.09169
9.734276
10.1114
12.1117
12.62617
10.35636
9.862821
9.95685
9.918165
10.21297
11.88769
10.76455
12.53211
11.43179
9.633827
11.07948
11.29092
10.1349
11.75331
11.88403
11.35983
10.94985
11.38162
11.43154
10.89956
11.1554
11.44723
11.49896
9.002079
10.27451
11.52368
11.01353
10.73418
9.60007
11.1469
12.47762
10.0756
9.654226
10.67563
11.65386
11.44898
10.09773
11.43201
9.345268
11.85046
11.00904
11.06309
9.350623
10.21362
10.22418
10.14432
9.938047
9.072448
10.15601
14.474
10.30422
10.96742
12.54652
10.3231
10.08467
10.53687
11.11813
11.05069
11.15278
11.48774
11.0575
10.90215
9.647752
12.02409
9.448296
10.56917
10.20826
10.1443
12.06125
9.174833
10.33263
12.62777
10.83412
14.44211
11.77117
8.947953
11.67615
12.66548
10.3423
10.48585
10.71613
11.85256
10.05967
10.47891
9.259236
10.0273
11.8615
11.19227
11.24952
11.51087
11.80642
9.644593
10.99529
11.15135
11.77532
9.752253
10.94043
10.29138
11.20649
10.60229
11.42553
10.14996
11.99406
11.05383
11.59077
11.6509
8.765758
10.26639
11.52747
10.87879
10.20964
9.749483
9.60599
12.38477
11.50886
9.343422
10.65305
9.5165
10.79043
11.11775
11.99188
11.00071
11.32577
10.2143
10.05361
10.57245
11.50701
10.22195
10.39986
10.47582
10.74532
11.00218
9.085662
11.06012
11.44855
10.05433
10.80453
13.39327
12.62215
10.56739
11.09754
10.31019
9.850367
10.95927
10.35984
12.97556
11.00554
11.73674
9.493609
10.01886
9.862398
9.364888
8.835899
10.11241
9.925737
8.461222
9.107972
9.519072
12.40771
11.44199
11.51466
11.03161
11.59164
10.14747
11.775
10.53221
10.76294
10.68492
9.847731
11.10673
10.93879
11.22051
12.65913
11.2625
9.062878
9.922383
9.265925
9.675911
12.32007
10.34508
9.516722
11.31053
10.90786
8.540073
10.82373
11.46774
11.49842
10.13408
10.97076
9.094473
11.14708
9.575257
10.90927
10.85567
9.939134
9.529927
10.65111
11.47452
10.19535
12.56688
10.75778
9.201676
9.293219
10.37499
10.41743
11.12899
11.50567
10.80372
11.40825
10.21085
9.497241
8.880645
9.79795
10.58896
11.71833
12.64356
10.08595
10.74069
9.330628
9.738112
10.90302
10.49536
10.13875
11.69679
10.79438
9.772148
11.31846
10.65296
11.20803
10.34751
10.6032
10.08189
10.21327
11.29348
10.01785
8.745994
9.845154
10.86178
9.348162
8.303184
9.378144
8.760981
11.29981
10.38741
9.727004
11.80381
9.714675
10.43852
11.2983
9.920094
12.17528
10.4975
11.18697
10.1033
9.499163
11.23802
10.41412
9.411049
10.35541
10.44202
10.66109
10.61449
8.975329
10.06928
11.26202
10.12655
10.1102
8.563158
9.620958
10.42669
9.491182
10.86939
10.00669
12.4148
9.875972
11.8721
9.163624
9.13143
9.42026
10.98166
9.88685
9.104957
10.97259
10.30394
9.051599
9.478203
9.632814
9.218966
9.708233
10.4995
10.51763
11.27241
9.245539
11.60045
9.568712
9.919246
8.503794
9.95264
11.08614
9.868946
9.234932
11.54752
9.95011
9.234904
9.618796
10.50937
9.02939
10.15834
11.35948
9.888637
11.17146
10.75479
9.754368
11.63907
10.20094
8.95366
9.8712
9.925498
9.906888
9.124087
9.019276
8.513314
10.72675
8.169229
9.018646
9.178091
11.17784
10.16998
10.52481
8.79472
10.54729
9.643647
8.842494
10.18697
9.51917
11.19046
9.31907
9.374557
12.50608
10.59429
10.06716
9.77179
9.97031
11.50513
9.366205
10.59673
9.624979
9.994147
11.40753
11.22219
10.42776
10.81908
10.91994
10.69886
10.62296
11.09231
12.2161
11.35624
10.73534
11.83467
10.56712
11.05589
11.43307
9.485443
11.55809
9.745912
11.5625
10.44603
13.57198
10.40976
11.68575
8.429017
11.43539
10.05304
12.22305
9.662369
10.41473
9.871666
10.48451
10.96209
10.03027
10.79677
11.07148
10.54413
11.68595
11.47807
12.69537
11.8449
10.27797
12.08213
9.686233
9.889781
10.38909
9.521076
10.37288
11.52067
9.523183
11.25144
10.57962
10.34499
10.90745
10.07491
9.527192
10.3841
10.75194
11.0879
11.27234
11.4606
11.0519
11.50002
11.759
9.745642
10.71273
11.61448
9.371247
10.29169
9.972323
13.05893
12.16443
11.68557
10.73961
12.43355
11.66454
11.11946
13.27939
10.7108
12.69196
10.17643
11.18548
10.62926
13.16514
10.92658
9.800021
10.83531
10.26639
10.10099
10.28313
11.774
10.63142
11.33201
11.40328
10.07076
11.58004
12.18029
11.93786
9.003908
13.06803
10.24655
9.207837
9.961278
11.07487
11.63197
9.597253
8.968206
9.828227
10.39131
11.79098
11.57271
10.63729
11.28815
12.67187
11.77915
11.85522
12.53889
12.00461
12.98818
9.325029
10.48254
10.58678
12.40358
11.49655
12.80636
10.07925
10.80081
12.13217
11.59889
12.0815
11.73542
11.67595
11.25894
11.18296
10.66812
11.16754
11.03281
10.80688
10.68378
10.64645
10.50772
12.64714
10.3855
11.05867
12.00156
10.57167
13.41746
10.90481
12.36508
9.840317
9.839707
10.92024
10.17183
10.60687
11.22782
13.35917
11.55294
10.63507
9.023721
9.744056
9.446658
11.87492
11.17069
10.06271
10.43205
11.77528
10.13789
12.40612
10.35558
9.20211
11.14692
11.3373
10.84788
11.42394
9.906171
9.989766
12.3379
12.18087
11.39259
11.9387
10.39062
10.8302
11.70481
11.3121
11.96129
10.59363
10.23902
11.60198
11.07642
11.21908
10.57328
8.74936
11.58189
11.6959
10.87242
12.46952
12.25222
11.85558
9.533633
11.13797
11.83748
10.70751
12.33783
11.31274
11.78457
10.73942
12.41283
10.6344
10.5035
10.97062
9.84019
12.34433
12.39264
11.28953
11.40935
11.59318
9.092529
12.45798
9.021893
11.13728
10.40286
9.883258
11.78093
10.44318
10.1334
10.23527
10.52847
11.13262
9.407107
11.65342
10.51978
11.50563
11.88089
11.8048
11.07554
10.76386
10.07357
12.59919
10.40887
10.62546
9.511989
11.14782
11.64841
11.3017
10.64909
11.92211
12.34615
12.17203
12.00289
12.94297
11.14464
11.42183
9.548024
10.47334
11.15002
11.80047
11.682
11.12813
9.943049
11.32929
10.63532
10.445
10.12659
11.30417
11.79672
12.62797
11.46885
12.18149
12.92479
10.97681
12.28457
11.68212
11.01696
11.94427
10.43377
13.24855
11.21194
11.71566
10.75667
10.62907
11.31601
10.95859
10.83577
11.02649
10.68038
10.61979
11.63647
11.51162
11.14873
12.34752
10.9157
11.49311
9.981973
11.23081
10.81789
9.723539
9.994245
11.92858
10.00177
9.556295
10.39079
9.026384
12.04178
10.59794
10.56721
10.42675
12.47823
11.06035
11.11169
10.18337
10.17471
10.05241
11.59643
11.26113
11.29154
9.304636
10.1251
10.94567
11.93284
10.36915
10.65806
10.02862
10.21075
10.96069
10.91055
10.72099
11.35475
9.286534
11.94915
9.381433
8.494625
10.25568
11.69412
10.15936
12.5504
11.40591
12.28562
10.27988
10.04599
10.09923
8.644348
10.69687
9.678594
11.68442
9.870045
10.30347
10.1257
9.444985
11.64507
9.690629
11.31431
10.80198
11.38632
10.81341
8.671178
9.717356
11.00038
9.99572
11.0303
11.34539
10.06673
8.913637
11.56721
12.26209
10.60913
11.28935
11.16262
9.611339
11.09476
11.20222
8.964577
8.579848
11.38742
11.56921
12.81918
10.22682
10.97532
9.581207
10.59145
11.62134
12.49221
9.970247
10.72615
10.8135
9.410253
9.021207
9.094812
10.49945
9.277745
10.24219
10.31272
10.55128
12.05065
10.56703
10.20722
9.990557
10.22985
9.390728
9.83631
11.17541
11.4785
9.574386
10.75572
11.23586
13.11479
10.49295
8.697397
10.67297
9.856522
9.972504
10.07721
11.06413
10.979
11.68738
10.90186
10.79646
12.4055
9.982031
10.76835
10.40477
9.298561
10.02304
9.606344
10.07846
11.00881
9.462987
9.674164
9.78142
11.45407
11.9982
10.90649
11.3215
9.486344
9.897242
10.60432
10.996
9.020414
9.130514
9.217452
10.96672
10.27173
10.15333
9.991739
11.64653
10.57157
10.93182
11.34743
9.065043
9.270325
11.15019
9.803758
9.324327
11.61111
10.59382
13.15202
9.601228
10.25525
11.00825
8.696735
10.97027
10.22258
9.345085
9.61012
10.17613
9.678586
10.35943
13.03558
9.466537
10.85377
10.44501
10.46365
10.45218
10.82347
10.90187
10.76839
9.738934
10.86729
10.25187
10.65085
11.31798
11.26565
11.17483
10.12147
9.109787
10.37164
9.086517
11.34436
10.2086
11.3248
9.859286
10.49145
11.21693
10.44063
11.45253
10.8761
9.663938
10.61068
10.25971
10.14909
11.05021
8.996055
10.1981
12.16684
10.10997
11.64947
11.04213
10.00521
11.21631
11.71999
11.09128
8.877155
9.609341
10.60713
9.564087
9.618075
10.98081
9.273673
10.71602
9.020775
9.755225
11.72111
11.32739
11.28609
9.122301
9.505026
9.329748
9.969994
9.394533
11.15687
9.209895
13.05556
9.778139
9.612878
9.721846
7.904745
9.634441
10.29664
10.71963
10.44937
10.58051
10.18225
10.81385
10.06308
10.13144
10.88249
10.05211
10.05173
10.65701
9.548796
9.186747
9.450216
10.62384
9.621355
9.3182
10.60871
10.42223
9.961521
10.03184
10.02215
10.67063
9.668213
11.85797
9.912864
12.12611
11.05289
12.59007
11.42934
9.934218
9.162063
8.576764
10.43947
9.881998
9.853499
9.324592
10.19015
10.42783
10.45231
11.3068
9.536181
10.74321
10.29305
10.1654
11.05485
12.20459
10.85157
11.69714
12.11506
10.14771
9.601373
10.7485
10.10732
10.27167
12.03598
10.31954
8.398821
9.313807
9.66237
10.69515
9.985116
9.29012
9.015502
10.28297
12.18763
11.43973
10.6622
9.326771
10.94803
8.873068
9.321861
9.558058
9.091031
10.99357
7.982706
9.434432
9.000612
10.03244
10.91545
10.11499
10.89212
10.39702
10.05727
9.795343
8.352075
9.629997
9.840134
10.2577
10.12214
9.755524
9.003403
9.074639
11.25122
8.124119
8.07772
9.50767
8.849328
10.29082
10.18695
8.190085
11.01214
9.180176
8.589166
9.183431
9.443181
7.954284
9.188942
9.299183
7.804824
9.377253
9.642653
9.269165
8.591705
10.21803
9.46461
9.543898
10.24114
8.491017
10.56021
10.09946
9.357144
9.685772
10.87419
9.993586
11.24227
7.816711
10.05378
10.33249
11.27849
9.258354
9.392415
8.739665
10.67148
9.515594
8.873877
9.697992
8.238134
9.213062
9.252033
9.988238
9.944359
9.887078
10.92361
8.63982
8.632502
9.895181
10.16311
10.55527
8.72711
9.28645
9.990325
10.29293
9.772055
8.94631
10.16004
12.25688
10.69865
11.87819
9.872641
9.99382
9.68216
8.493391
9.269907
9.757928
10.15813
10.95228
9.908618
9.434535
10.5794
9.692382
9.365975
7.488865
10.06105
10.16243
10.31677
10.86533
8.51719
9.767734
9.583434
8.947321
9.188407
9.67218
9.346247
9.018011
10.41123
9.324044
9.547823
10.14535
12.30889
9.207162
9.949352
9.844598
9.60791
10.97724
9.38453
9.656947
9.325552
9.583979
10.36015
10.46353
7.919623
9.671788
13.50472
11.22034
10.57156
12.08193
11.16854
10.32031
8.701954
9.939584
10.41693
9.026704
9.883786
10.81455
9.792584
8.693376
11.34138
11.04408
8.804001
10.07966
9.588376
9.529332
8.895792
8.551232
8.128248
9.150942
11.97512
9.412648
11.11946
9.834486
9.692182
9.592396
8.288196
11.38627
8.55776
10.03618
9.481124
11.67377
10.6077
9.992597
9.611819
8.826074
11.0931
8.62821
7.872832
11.05024
9.02171
10.33447
9.380187
9.687173
11.85445
10.09005
9.196301
8.998111
9.829572
8.393027
10.58903
10.6446
10.18542
9.624744
9.249234
9.104725
9.890347
9.541399
7.961648
9.848285
9.87984
8.859491
10.86514
8.706016
10.4622
9.90475
9.544545
9.829371
9.042559
10.2555
9.358687
10.73545
10.43845
10.05445
9.42821
9.055952
9.603747
9.003262
8.628742
10.38823
9.884402
10.84912
9.008079
9.112749
9.212434
9.355551
10.25631
9.229918
8.888552
10.22607
8.585082
10.17642
10.11272
10.16349
8.101648
10.1822
11.75753
10.15111
10.77724
11.3365
9.16758
8.651738
9.370068
10.53707
9.572992
8.787234
8.982122
9.510057
8.350957
10.75974
10.35928
9.045379
10.79274
10.36467
9.195297
9.131687
10.1722
9.977641
9.171401
11.35172
10.11683
9.409649
8.255337
9.009256
7.803844
9.994473
10.17863
9.929189
10.54729
9.408092
9.400577
11.34187
11.35495
9.163914
8.669137
8.994557
9.907411
9.644586
8.283181
8.502101
8.610672
10.53024
9.419487
10.13076
9.960179
9.184832
9.507802
8.282127
10.54976
9.373302
9.24579
8.08457
6.49229
9.32794
8.097254
11.54458
9.893044
8.795917
7.666436
8.532149
7.371813
9.443672
8.802371
8.326367
8.545642
9.377649
8.637881
10.97725
11.12694
8.133383
8.055859
10.06822
10.90055
8.049127
8.676281
10.05377
9.723125
9.283789
9.206205
8.309842
9.792316
8.445298
7.679034
11.17053
9.798598
8.908771
9.233472
10.29457
9.653938
9.274355
8.532439
9.53624
8.513654
8.681776
9.399806
9.0158
8.622882
8.423675
11.9472
9.30052
9.304717
9.172366
10.0106
10.62068
8.573009
8.424905
9.150215
9.331209
10.14299
9.320075
8.28905
8.689028
9.646539
11.53165
9.070755
9.266591
9.702987
9.179111
10.6026
10.25722
9.734448
11.18544
8.522984
8.31695
7.094155
7.470242
9.754375
7.582713
8.250942
7.858421
7.731114
10.99965
10.28033
9.960352
8.229886
9.193194
8.237129
8.845182
7.913888
9.022864
8.241358
8.92199
9.296263
8.870045
10.6897
10.08634
9.128957
8.41509
9.651673
9.71209
12.81715
8.559133
8.990763
8.750402
9.375755
8.682969
8.674319
9.476344
7.61165
9.54879
9.764768
8.425772
8.770761
8.815433
9.171265
8.928935
10.00793
10.59572
9.98838
10.0586
8.496243
10.13118
9.590826
24343
0.8784851
0.7259065
0.701708
0.7466864
0.7728907
0.650884
0.7954917
0.8474154
0.8172705
0.8335495
0.7848221
0.7253699
0.7033864
0.7122559
0.8643051
0.6495101
0.7451768
0.6354185
0.8737369
0.6273756
0.8060539
0.8470495
0.7855476
0.6894239
0.8259197
0.7290436
0.8138353
0.7802619
0.8826535
0.8820158
0.8582058
0.6963761
0.8666192
0.8729208
0.853303
0.9895578
0.6368938
0.6874315
0.6928345
0.8161401
0.8054434
0.8800844
0.8699027
0.7163207
0.7295367
0.8281872
0.7060178
0.8403632
0.9190182
0.6900601
0.7832988
0.6932347
0.6760456
0.9012075
0.8301684
0.8017153
0.8322918
0.8047941
0.8477546
0.8658518
0.8462581
0.7162456
0.717529
0.7238533
0.8007064
0.8018109
0.8155237
0.925071
0.7580444
0.7860222
0.5871553
0.6874281
0.6946
0.7432
0.8355577
0.7637965
0.6786182
0.7318731
0.7919968
0.7306591
0.7115417
0.9054062
0.7808542
0.7024501
0.7113925
0.7681308
0.7271214
0.753283
0.7120239
0.7424766
0.8424285
0.740149
0.7949925
0.8095016
0.768827
0.7258582
0.8393283
0.7330934
0.8896806
0.8778096
1.034969
0.7961834
0.7450177
0.7904459
0.8974353
0.8706541
0.7890451
0.7788354
0.7281146
0.882544
0.8190121
0.7711876
0.903729
0.7850557
0.7843685
0.9493563
0.8572788
0.8912882
1.083763
0.8474689
0.7415294
0.8438773
0.8094537
0.9077515
0.7856643
0.7719499
0.9582336
0.7960858
0.7658068
0.8063928
0.7564731
0.8821116
0.7642823
0.7245883
0.7657136
0.7958941
0.7932233
0.8140241
0.9185437
0.8318784
0.921903
0.8645838
0.7118449
0.8483562
0.9130831
0.9482605
0.7767881
0.7869137
0.949592
0.7527043
0.8523922
0.7505526
0.8983274
0.8090448
0.7096798
0.7692909
0.9648636
0.8160569
0.8672631
0.7293387
0.8156659
0.7710597
0.8768863
0.7519524
0.7543963
0.8205744
0.8211361
0.8150588
0.8306191
0.8233937
0.7251836
0.7381049
0.8103418
0.8431656
0.7696152
0.8031254
0.7685764
0.7154672
0.6938173
0.8076626
0.7946954
0.720708
0.7536532
0.8254728
0.8415841
0.6891727
0.8228897
0.7890732
0.9132965
0.7124862
0.7272548
0.7336588
0.8990203
0.808861
0.7824676
0.6983211
0.8492216
0.9100212
0.6965386
0.7916262
0.8248702
0.7095853
0.7937855
0.6430523
0.6894738
1.013597
0.72632
0.7726172
0.8154256
0.9680502
0.8960383
0.7584919
0.8104035
0.7148173
0.6551014
0.6938652
0.9187047
0.7355666
0.6995378
1.014679
0.7838414
0.7087028
0.8014281
0.7538189
0.7538501
0.8020332
0.729424
0.9091723
0.8581032
0.8241945
0.7788345
0.8273105
0.7760006
0.7500792
0.7537611
0.7683835
0.6666097
0.7125746
0.6488732
0.7114146
0.7059649
0.8024151
0.7457487
0.7196319
0.7412374
0.8599382
0.7790364
0.8330261
0.8372141
0.7558072
0.8302862
0.936188
0.7928873
0.8296982
0.8011813
0.7235984
0.8343614
0.6909679
0.6704541
0.7427176
0.923756
0.8656608
0.7538843
0.7398231
0.905698
0.8271669
0.7733245
0.7276491
0.6953631
0.7456427
0.7533353
0.7845713
0.689222
0.7941491
0.7235246
0.8807658
0.7614706
0.8314633
0.8780142
0.8514038
0.7122733
0.7877909
0.7979872
0.8395614
0.8666398
0.7023287
0.8050231
0.8432337
0.8376836
0.7791724
0.8244817
0.7994515
0.8977933
0.6786564
0.7121918
0.9872016
0.8861137
0.9673244
0.9240793
1.01735
0.9146653
0.8828307
0.8433146
0.879435
0.7418225
0.8513478
0.7881192
0.7883753
0.6818165
0.7936353
0.9090286
0.7615568
0.8984608
1.033184
0.9541287
0.8563246
0.8453472
0.8023756
0.8467068
0.6735461
0.8780975
0.8736774
0.7889125
0.703899
0.7233212
0.8596354
0.9399529
0.8655836
0.833918
0.7909052
0.8111132
0.7626273
0.7418225
0.7905378
1.024983
0.8828132
0.8285737
0.8023983
0.8764712
0.7799872
0.7626487
0.8483709
0.7440306
0.676072
0.8338977
0.7243783
0.7966314
0.7452153
0.8450488
0.7830213
0.8326747
0.8196948
0.7038373
0.8728922
0.8007453
0.8296535
0.835315
0.8665744
