-0.1421102
-0.08499766
0.0486922
0.2289733
0.2275805
0.3756392
0.336456
0.2858432
0.3853379
0.4595004
0.3439074
0.3171682
0.3480283
0.3263798
0.7152101
0.739726
0.8274154
0.8137258
0.8530894
0.6415517
0.7524047
0.8034181
0.9183774
0.8634218
0.8838116
1.076441
1.257624
1.252805
1.260357
1.16137
0.8867517
0.759022
0.8448717
0.875248
0.9754366
1.021571
1.077519
0.8162858
0.7489151
0.9463838
0.8726301
0.8847312
0.7161989
0.9944677
1.12281
1.183823
1.378525
1.377206
1.141328
1.149972
1.184725
1.239857
1.212692
1.265396
1.18676
1.049761
1.157082
1.153397
1.25983
1.263994
1.306638
1.293296
1.181603
1.293244
1.205952
1.146757
1.038732
1.141183
1.203906
1.182379
1.134764
1.169521
1.160207
1.479078
1.270107
1.364056
1.417616
1.377917
1.197911
1.108384
1.146113
1.051606
0.9960544
0.9613752
0.8499219
0.9409115
0.9302008
0.9842291
0.8541357
0.8990081
0.9331399
1.342275
0.953859
0.9275515
0.9419923
0.7164902
0.8085422
0.6531282
0.2245523
0.2802632
0.4002806
0.2674522
0.5567352
0.6009381
0.6179431
0.7127602
0.8978385
0.6926562
0.7641857
0.8785141
0.8905631
0.7243099
0.7471517
0.8325532
0.7845774
0.8687469
1.117219
1.317707
1.088366
1.163653
1.477911
1.592988
1.846952
1.817968
1.800757
1.860342
1.79888
1.701575
1.524746
1.396659
1.645959
1.538803
1.532885
1.208286
1.212005
1.455848
1.20378
1.140419
1.079571
0.997861
0.7988516
0.8518359
0.7264851
0.7064913
0.534111
0.6896513
0.6810985
0.8236511
0.8620854
0.9274806
1.013213
0.9622305
0.8314643
0.7883115
0.6105231
0.7974079
0.7300845
0.6293007
0.7487567
0.8243363
0.8578379
1.149684
0.9761652
1.03596
1.170933
1.075492
1.001417
0.8862938
0.9618264
1.119347
1.110486
1.054509
1.071233
1.16402
1.314493
1.621545
1.761965
1.661383
1.777718
1.610253
1.535147
1.64544
1.6482
1.493
1.291689
1.138632
1.103583
1.011732
1.247216
1.25495
1.335095
1.337256
1.217882
1.209669
1.209568
1.088652
1.111004
0.8526163
0.8650674
0.9397349
0.9239855
0.5734988
0.6574965
0.9644244
0.9076197
0.606251
0.687307
1.037129
0.9890355
1.22929
1.218644
1.389295
1.574425
1.555055
1.369495
1.370357
1.492031
1.422106
1.134553
0.9570026
0.9897916
0.8435223
0.9539463
0.9964859
1.262849
0.8334083
0.5671391
0.7120831
0.6274292
0.9278482
0.6328152
0.5722158
0.6458497
0.4334813
0.2338866
0.4684213
0.3206502
0.3450502
0.436205
0.5995199
0.7702863
0.4608742
0.6243242
0.6477833
0.7345107
0.6513444
0.8349956
0.8255188
0.6535937
0.5740486
0.6850784
0.8504679
0.8887051
1.0887
1.034163
0.9189087
0.8702932
0.9428426
1.126165
1.302988
1.341695
1.224344
1.435641
1.258564
1.178347
1.006033
1.082104
1.003796
0.919841
0.9832449
0.6915725
0.7407412
0.570676
0.3076728
0.2585061
0.02646388
0.1158487
0.1360854
0.248034
0.4410876
0.2961778
0.395693
0.1988862
0.2371659
0.09339923
0.255174
0.3169434
0.3938487
0.4617791
0.2511098
0.4322635
0.3731918
0.6732893
0.7937108
0.629737
0.7781981
0.629749
0.705351
0.5223212
0.5943809
0.7511622
1.020542
0.9524571
0.8255018
0.6633877
0.8241887
0.704962
0.7096254
0.9362919
1.127678
0.9600484
0.9373452
0.923606
1.180762
1.495762
1.696526
1.574823
1.539381
1.234848
1.22795
1.245514
1.491639
1.344849
1.217686
1.269048
1.22282
1.301804
1.301373
1.050207
1.117869
1.118801
0.9055507
1.065178
0.8130301
0.9251706
0.8721409
0.6534635
0.645123
0.5634775
0.8991645
1.085414
0.9617725
0.9027323
0.7711521
0.6642508
0.7598896
0.9121422
0.8568672
0.7202838
0.7561626
0.7363538
0.9549426
0.84009
0.6762079
0.8714225
0.6880833
0.7940915
0.942107
1.043195
1.005723
0.6695089
0.7270609
0.596637
0.5694573
0.7734641
0.7385591
0.706269
0.6793465
0.8817674
1.041522
0.9599638
0.9730198
1.105659
0.8944018
0.9733054
0.9550187
1.029428
1.023078
1.081919
1.019888
1.284576
1.383666
1.452278
1.667362
1.792703
1.894007
2.113342
2.242503
2.607089
2.476016
2.453432
2.556531
2.56734
2.379592
2.287639
2.239819
2.192078
2.055073
2.127483
2.030796
1.968495
1.717369
1.792351
1.557043
1.651808
1.478472
1.712719
1.817588
1.836105
2.135699
2.106386
2.043374
2.066324
1.939192
1.890237
1.777335
1.5613
1.478729
1.561274
1.532624
1.593807
1.261678
1.137771
1.324889
1.328862
1.473627
1.769807
1.916797
2.107327
2.108156
2.183017
2.1239
2.029153
2.036237
2.072416
2.115808
1.916524
1.920393
1.642548
1.570935
1.645215
1.597174
1.297659
1.650501
1.755786
1.45318
1.618916
1.618281
1.588926
1.553068
1.453298
1.591343
1.570389
1.596659
1.279618
1.206565
1.274696
1.372396
1.253025
1.452794
1.535904
1.731787
1.608187
1.373102
1.477239
1.436457
1.469106
1.556509
1.578522
1.555848
1.392143
1.368337
1.399557
1.582545
1.696389
1.87869
1.810014
1.885996
1.930789
1.98252
2.152854
2.336806
2.232467
2.127233
2.315866
2.261133
2.323006
2.373666
2.337824
2.265686
2.244054
2.229579
2.201054
1.956137
2.081741
2.316499
2.220193
2.015736
1.89498
2.093898
2.303688
2.25516
2.104005
1.811297
1.888037
1.745838
1.71575
1.418503
1.408816
1.593774
1.648811
1.462151
1.584077
1.693279
1.625218
1.754959
1.941177
1.595352
1.714138
1.531823
1.583298
1.671402
1.58664
1.548242
1.586568
1.522401
1.755676
1.88301
1.813854
1.908511
2.012282
1.968214
2.086766
2.149969
1.880455
1.951004
2.069146
2.044995
2.27559
2.26666
2.083355
1.954842
2.096235
1.925371
1.756981
1.692196
1.664461
1.769345
1.341854
1.516318
1.36711
1.259088
0.9647782
0.9999665
0.9598801
0.9648068
1.034692
1.050691
1.071381
1.221233
1.194574
1.167076
1.414803
1.18726
1.188601
1.236523
1.330458
1.49224
1.694481
1.560979
1.51404
1.432212
1.766986
1.923614
2.092504
2.114349
2.018353
2.17583
2.056041
2.393725
2.428871
2.279133
2.406795
2.46374
2.475476
2.027111
1.952801
2.025326
1.941217
1.720185
1.864706
1.75998
1.673029
1.545294
1.480316
1.518779
1.382461
1.516243
1.331951
1.552175
1.75047
1.897815
2.154146
2.011557
2.04085
2.038642
2.023636
2.274294
2.508723
2.322946
1.891899
1.843148
1.858588
1.785067
2.05499
1.790957
1.728437
1.730836
1.76749
1.808273
1.781732
2.011553
2.051446
1.900363
2.05413
1.896041
1.876017
1.842957
1.894013
2.083385
2.444043
2.329534
2.219016
2.118325
2.182676
1.854309
1.731084
1.69255
1.667052
1.689487
1.411206
1.525013
1.563971
1.639477
1.682921
1.776433
1.705044
1.780899
1.709074
1.727295
1.736462
1.793521
1.557829
1.586799
1.83854
1.929068
1.919699
1.836913
1.881651
1.827712
1.646143
1.442565
1.410001
1.501077
1.498708
1.610556
1.571993
1.474421
1.189794
1.296572
1.147338
1.166813
1.345776
1.403886
1.120065
1.29402
1.148012
0.9451873
1.150147
1.14513
1.159077
1.183827
1.230446
1.368693
1.356258
1.171049
1.001889
0.885761
0.8967087
0.9485199
0.8998575
0.8570496
1.044784
1.148815
1.219761
1.313769
1.379195
1.618909
1.543769
1.715102
1.701314
1.811002
1.635554
1.788768
1.778461
1.94904
2.04071
2.15778
2.161095
2.072945
2.150932
2.142348
2.300565
2.19234
2.27371
2.306987
2.208366
2.295607
2.230016
2.466258
2.610487
2.490809
2.526058
2.792086
2.743281
2.66985
2.571555
2.652239
2.62455
2.64277
2.902625
2.954556
2.863009
2.828385
2.932081
2.947494
2.82304
2.568121
2.49939
2.622572
2.661477
2.528397
2.390568
2.311202
2.358036
2.466646
2.588915
2.802259
2.454669
2.618405
2.410878
2.462798
2.659475
2.745622
2.892109
3.076541
3.25103
3.203025
3.093926
2.983696
3.157835
3.235786
3.271581
3.3101
3.325537
3.438858
3.596354
3.591842
3.436843
3.56458
3.255682
3.076075
3.084587
3.053239
3.054115
3.066947
2.997789
2.92758
2.723242
2.718227
2.608227
2.479751
2.486643
2.320933
2.049425
2.273203
2.442012
2.587048
2.472306
2.552577
2.705411
2.531682
2.439368
2.326499
2.362076
2.377995
2.128792
2.299696
2.281615
2.200934
2.221149
2.270222
2.117143
1.845815
1.955671
1.768141
1.405897
1.339853
1.302793
1.137561
0.8297552
1.015863
0.8887173
0.8526601
1.3498
1.283867
1.256809
1.342478
1.557196
1.542238
1.498448
1.348053
1.324987
1.407833
1.501496
1.529019
1.424264
1.302702
1.467844
1.481318
1.506182
1.23923
1.354117
1.301618
1.256909
1.459172
1.582477
1.517523
1.491299
1.589338
1.637916
1.640411
1.825827
1.972317
2.026783
1.847159
1.678988
1.764052
1.700817
1.909061
1.89578
2.137127
2.105267
2.029065
2.08218
1.983585
2.04065
2.0201
2.099392
2.086825
1.835366
1.888007
1.671961
1.598799
1.664741
1.659089
1.541873
1.561157
1.427022
1.454219
1.634351
1.829459
1.780361
1.662388
1.769054
1.917594
1.734424
1.681941
1.702916
1.595383
1.841982
1.986879
1.852377
1.803466
1.788482
1.624965
1.705171
1.513663
1.433301
1.67206
1.902317
1.930316
1.821873
1.698162
1.628472
1.412699
1.17227
0.973027
0.9380491
0.8872508
0.772621
0.6818146
0.641778
0.3969639
0.4840154
0.5409972
0.3859541
0.233399
0.193493
0.1933131
0.2785555
0.2438614
0.2793817
0.3567244
0.1968914
0.2579448
-0.1785771
-0.07051743
-0.2409817
0.008490381
0.1080072
-0.05829224
-0.1989116
-0.08293651
0.08081304
0.0886371
0.3669111
0.4182612
0.739781
0.6729769
0.3846626
0.4569759
0.4079987
0.1789038
0.2479268
0.4399317
0.4442257
0.2607311
0.2002509
0.2841103
0.2183931
0.2477505
0.2099155
0.1962781
-0.1979521
-0.06756918
-0.0373715
-0.07629584
0.07919208
-0.0618612
-0.3214815
-0.369123
-0.1528831
-0.2721743
-0.3727265
-0.4222427
-0.122574
-0.1037499
0.01966857
-0.07107985
-0.01040083
-0.09439502
0.2564237
0.3539388
0.6497682
0.714019
0.7645485
0.7030798
0.7353167
0.8811471
0.7920648
0.6762213
0.4795676
0.392405
0.3626832
0.4602276
0.4767985
0.4327631
0.4531418
0.4292028
0.4619402
0.4371154
0.5187144
0.3113621
0.2987801
0.6033331
0.4049028
0.1100278
0.2281289
0.2521727
0.465705
0.4399892
0.2630943
0.2674295
0.1701759
0.1956808
0.2199641
-0.008930355
-0.1454557
-0.434728
-0.4243578
-0.1517061
-0.06219511
-0.1001547
0.03774381
0.06134845
-0.06081023
-0.01554029
-0.2195586
-0.04992375
-0.1113133
0.0788384
-0.08944392
-0.204984
-0.1191218
-0.179063
-0.4232027
-0.6775901
-0.7101833
-0.7571481
-0.9327663
-1.133635
-0.9122817
-0.8124005
-0.9185275
-0.8425001
-0.8914232
-1.083733
-1.19087
-1.0153
-1.274948
-1.070774
-1.291744
-1.090638
-1.149724
-1.180751
-1.181977
-1.182298
-1.218135
-1.32962
-1.469229
-1.299351
-1.397549
-1.408652
-1.170176
-1.231486
-1.130764
-1.090128
-0.8938242
-0.868382
-0.9731291
-0.7960738
-0.4828464
-0.6759816
-0.7541645
-0.5097864
-0.5530163
-0.4722915
-0.5292038
-0.805656
-0.5311425
-0.7335926
-0.6486296
-0.6523863
-0.5949944
-0.444382
-0.4459887
-0.43228
-0.5703569
-0.6251623
-0.8055378
-0.681261
-0.714195
-0.9133506
-1.138971
-0.9254532
-0.7559559
-0.7480944
-0.8878201
-0.9864078
-1.117526
-1.089486
-1.152277
-1.256344
-1.570987
-1.7701
-1.586421
-1.482472
-1.35762
-1.324948
-1.242613
-1.18876
-1.187876
-1.242092
-1.178993
-1.115208
-1.176319
-1.204239
-1.104995
-0.8456298
-0.8617945
-0.7167575
-0.7596821
-0.7783374
-0.7558598
-0.6018396
-0.5950011
-0.6431431
-0.6738731
-0.502254
-0.4532951
-0.691922
-0.6769293
-0.6547053
-0.7544784
-0.6955934
-0.7517655
-0.8569177
-0.8708567
-0.8811289
-0.8976257
-0.7916678
-0.6522443
-0.5940605
-0.5239109
-0.7768354
-1.097154
-1.090589
-0.9491056
-0.9183044
-1.025679
-1.008843
-1.264576
-1.437258
-1.396258
-1.420201
-1.203928
-1.256623
-1.413489
-1.467489
-1.568775
-1.499361
-1.354701
-1.581503
-1.402131
-1.404822
-1.155559
-1.165465
-1.116361
-1.124057
-1.273459
-1.343629
-1.424446
-1.640628
-1.598216
-1.63509
-1.742408
-2.09635
-2.048976
-2.035713
-1.900541
-1.75923
-1.754387
-1.636078
-1.826735
-1.927874
-2.119759
-2.191062
-2.170475
-2.184864
-2.265004
-2.225845
-1.980408
-2.131526
-2.058668
-1.854945
-1.93885
-1.8865
-1.872091
-2.06833
-2.362494
-2.322914
-2.088743
-1.896798
-1.967575
-1.807742
-1.630706
-1.407826
-1.212869
-1.16223
-1.019648
-1.165786
-1.328594
-1.304237
-1.340587
-1.339218
-1.722883
-1.627136
-1.603975
-1.13457
-1.264054
-1.151557
-1.237698
-1.297467
-1.388198
-1.531417
-1.566602
-1.560001
-1.373005
-1.756021
-1.793076
-1.694907
-1.622189
-1.855452
-1.952296
-2.028495
-1.839474
-1.749277
-1.889368
-1.881734
-2.042241
-2.051415
-1.794017
-1.716524
-1.617527
-1.684882
-1.704574
-1.692672
-1.657184
-1.552429
-1.306496
-1.463431
-1.675607
-1.798988
-1.76996
-1.653125
-1.840485
-1.842823
-1.897915
-1.817635
-1.9487
-2.054755
-1.932546
-1.962818
-2.089995
-2.089611
-1.95336
-1.941996
-1.810004
-1.75682
-2.038127
-2.040906
-2.126027
-2.033824
-1.9875
-2.03495
-2.266636
-2.132933
-2.219745
-2.039331
-2.049499
-2.023905
-2.249468
-2.012433
-1.972756
-2.023051
-2.091067
-2.06879
-1.976207
-1.932437
-1.861573
-1.777718
-1.931457
-1.816304
-1.693088
-1.857332
-1.838446
-1.93698
-1.947625
-1.880192
-1.749361
-1.993688
-1.99225
-2.02445
-2.253418
-2.239513
-2.370824
-2.445891
-2.420113
-2.97082
-2.862753
-3.007395
-2.972255
-2.900686
-2.991958
-2.895519
-2.72289
-2.78843
-2.857455
-2.702145
-2.789925
-2.80671
-2.853571
-2.772129
-2.740024
-3.045181
-3.0725
-2.811359
-2.888286
-2.785622
-2.808852
-2.822327
-2.776747
-2.775459
-2.773605
-2.815119
-2.655517
-2.60088
-2.52836
-2.314314
-2.43612
-2.3581
-2.467725
-2.097186
-2.074079
-1.879065
-1.992271
-1.950468
-1.939903
-1.722401
-1.655395
-1.683205
-1.881303
-1.881838
-1.911804
-1.868911
-1.745525
-1.885909
-1.854718
-1.884254
-1.976863
-2.072546
-2.115286
-1.942297
-2.19139
-2.318874
-2.075855
-1.961281
-2.222
-2.085023
-1.991336
-1.858389
-1.92606
-1.852192
-1.779875
-2.079977
-1.886923
-1.840034
-1.807412
-1.707724
-1.706519
-1.859782
-1.751494
-1.758345
-1.827149
-1.800278
-1.997127
-2.030429
-2.076251
-2.178806
-2.366277
-2.562848
-2.858406
-2.882831
-2.945622
-2.575544
-2.606148
-2.694633
-2.996087
-2.715345
-2.488241
-2.570066
-2.618514
-2.35587
-2.244975
-2.134051
-2.232629
-2.026082
-1.868592
-1.732526
-1.709171
-1.599355
-1.754779
-1.750846
-1.974142
-1.896104
-1.752204
-1.905672
-1.872655
-2.147635
-2.151319
-1.966894
-1.98441
-2.081958
-2.034944
-1.865366
-1.834818
-1.9178
-1.809103
-1.92908
-1.873059
-1.820017
-1.770108
-1.889798
-1.896289
-1.916064
-1.83271
-1.915312
-1.926659
-2.065173
-1.995597
-2.001225
-2.122712
-2.101718
-2.061423
-2.066746
-2.153838
-2.270109
-2.324589
-2.398575
-2.328284
-2.208625
-2.422172
-2.524648
-2.35664
-2.544672
-2.502687
-2.686622
-2.509852
-2.24676
-2.180815
-2.398453
-2.404896
-2.506398
-2.402405
-2.234344
-2.225927
-2.306528
-2.275357
-2.234587
-2.069677
-2.094605
-2.324406
-2.636587
-2.711775
-2.794954
-2.69341
-2.740895
-2.732626
-2.711037
-2.839538
-2.75598
-2.902355
-3.10801
-3.228237
-2.990316
-2.671184
-2.771729
-2.611156
-2.696083
-2.584377
-2.611382
-2.732251
-2.54926
-2.35567
-2.262556
-2.214121
-2.087581
-2.107923
-2.013681
-2.210702
-2.116468
-2.192073
-2.350309
-2.581605
-2.817567
-2.99361
-2.938218
-2.76624
-2.719756
-2.644832
-2.616696
-2.782456
-2.720391
-2.59169
-2.381111
-2.274781
-2.287771
-2.487726
-2.331189
-2.280925
-2.437628
-2.549704
-2.403878
-2.334959
-2.421631
-2.321582
-2.151688
-2.166923
-2.26831
-2.324063
-2.218751
-2.410717
-2.547434
-2.530919
-2.712582
-2.559377
-2.811827
-2.801938
-2.770095
-2.845909
-2.878086
-2.708789
-2.682774
-2.444128
-2.662674
-2.67865
-2.686725
-2.667584
-2.621481
-2.510206
-2.46493
-2.357493
-2.351948
-2.294819
-2.128236
-1.862383
-1.89676
-1.726378
-1.558868
-1.539408
-1.778944
-1.763514
-1.836086
-1.815679
-1.764464
-1.529909
-1.628409
-1.595769
-1.408981
-1.545632
-1.424209
-1.243434
-0.9794843
-1.060588
-0.8823176
-0.8851141
-0.7366812
-0.7517153
-0.6847535
-0.9310232
-0.7953483
-0.7003854
-0.808444
-0.7460017
-0.451593
-0.5579269
-0.5919338
-0.5533742
-0.4934668
-0.2900007
-0.3111827
-0.1567008
-0.1162103
-0.01631601
-0.007525313
0.002980448
-0.01345982
-0.04472347
0.06034598
0.3065458
0.2352752
0.05188931
0.02043888
-0.1457542
0.01914984
-0.1598848
-0.1592845
-0.1982908
-0.2144083
-0.06886699
-0.1406453
-0.02420692
-0.07614048
-0.2315975
-0.1632291
-0.2375801
-0.3204392
-0.2173999
-0.1392247
-0.1035781
-0.2456541
0.1427738
0.1685584
0.2408345
0.3726041
0.04396377
-0.1633466
-0.01396973
0.1019675
0.2217564
0.4992926
0.3289677
0.4660066
0.2481077
0.03859832
0.02781572
0.2106405
0.0009115791
-0.03119923
0.07005328
0.1055515
0.03464612
0.2383725
0.06371987
0.02101987
0.06815457
-0.1587327
-0.1010831
-0.1340868
-0.2207679
-0.08379383
-0.1638948
-0.1660647
-0.1135525
-0.1166353
0.05959981
-0.02238591
0.008915324
-0.0692748
-0.1026047
-0.1159912
0.01027262
0.1000451
0.28673
0.6264324
0.3191954
0.04927866
0.3643858
0.2697061
0.1712006
0.2884397
0.1494
0.1132937
0.05019369
-0.10798
-0.3440922
-0.2466339
-0.3330089
-0.2284973
-0.2287699
0.08782406
-0.08411225
-0.09505918
0.0669073
0.1938821
-0.06879043
-0.09197895
-0.180011
-0.2936003
-0.4622597
-0.3911453
-0.5089721
-0.7000196
-0.6470301
-0.60741
-0.8444999
-0.7435515
-0.8901468
-0.944585
-1.20248
-1.472692
-1.329608
-1.269592
-1.455412
-1.464907
-1.477486
-1.502158
-1.569198
-1.55108
-1.600712
-1.522785
-1.343508
-1.419369
-1.377223
-1.548955
-1.454706
-1.384674
-1.485325
-1.324238
-1.449253
-1.37668
-1.377644
-1.164548
-0.9001786
-0.9375628
-0.9360355
-1.01425
-0.9310414
-0.800934
-0.919754
-0.9139213
-0.8063941
-0.8261063
-0.6503739
-0.7322377
-0.6809618
-0.7262343
-0.7377061
-0.4037535
-0.6809666
-0.6720963
-0.5137021
-0.4510644
-0.461337
-0.5611107
-0.3089929
-0.3755158
-0.3514871
-0.1969087
-0.006056197
0.07055429
0.0102367
-0.002019017
-0.05780451
-0.1660346
0.006037845
0.3006637
0.3224361
0.3974735
0.6238519
0.6552728
0.5063523
0.401321
0.3242848
0.5011722
0.3315917
0.4879363
0.537743
0.5939996
0.5802878
0.2783216
0.3646692
0.2205829
0.39039
0.2841137
0.2087545
0.4898608
0.38189
0.3423278
0.2342044
0.3355525
0.004342059
-0.1695801
-0.2346224
-0.4282909
-0.2366147
-0.243549
-0.2838733
-0.236327
-0.364433
-0.3819722
-0.1735784
-0.1735157
-0.04549414
-0.2304016
-0.5151292
-0.6003617
-0.6125396
-0.6026048
-0.5181923
-0.2947051
-0.1796489
-0.3849399
-0.5101955
-0.5335198
-0.4780046
-0.2797864
-0.4518748
-0.5016004
-0.319679
-0.2171
-0.2273569
-0.36224
-0.5399915
-0.3627452
-0.4524645
-0.3100336
-0.3081781
-0.1958947
-0.1627168
-0.1138045
0.04203612
0.1130904
0.2544818
0.06197306
-0.05556539
0.0008757081
0.03607222
-0.04478841
0.1188922
-0.03210028
-0.2224842
-0.1853785
0.007844812
-0.1441544
-0.1170894
-0.06456978
-0.1296009
-0.1949554
-0.03804096
-0.00996918
0.06878946
0.08621926
0.2468544
0.2322648
-0.0696182
-0.2515655
-0.06766841
-0.1731502
-0.1956628
-0.2647745
-0.1968567
-0.1643403
-0.2576563
-0.2737261
-0.1360147
-0.08101392
-0.2335728
-0.242017
-0.261073
-0.2914344
-0.2692787
-0.3019023
-0.3509048
-0.460573
-0.1727058
-0.2653616
-0.1336564
-0.2587005
-0.2827973
-0.1620457
0.03531479
0.2563777
0.2979662
0.441435
0.3218272
0.3155549
0.107359
0.2048357
0.05280973
0.1907692
-0.1170492
0.1567875
0.1682965
0.3665628
0.3658238
0.331027
0.3044698
0.02544237
-0.09182306
-0.1780347
-0.3934952
-0.2259507
-0.07149671
-0.05695395
0.01728491
-0.07890417
-0.03863318
0.114397
-0.002876194
0.003402824
-0.04251965
-0.1284062
-0.005400034
-0.1000083
-0.216871
-0.1404888
-0.2206221
-0.3241687
-0.3299807
-0.3314117
-0.3380629
-0.2354167
-0.3260294
-0.2601518
-0.4610414
-0.6510439
-0.7408125
-0.551024
-0.6147845
-0.5022544
-0.5817745
-0.7311007
-0.7876612
-0.7315104
-0.8404535
-0.8448089
-0.7093307
-0.7963081
-0.7108324
-0.7490777
-0.8561843
-1.019856
-1.0595
-0.8173469
-0.6036802
-0.4035324
-0.4491893
-0.4176789
-0.05949176
0.1592968
0.4315357
0.124945
0.1807355
0.07718981
0.1490272
0.6605579
0.5275885
0.30539
0.2378705
0.1804854
0.2076205
0.1379243
0.2142659
0.1985186
0.2628417
0.2142034
0.2727532
0.2153572
-0.01337102
0.1563177
0.3861834
0.1164817
0.1996314
0.1879873
0.2320202
0.02697746
-0.04441541
-0.0834438
-0.1083979
-0.159558
-0.1998672
-0.2321701
-0.01727138
0.05355161
-0.165822
-0.3099065
-0.3986278
-0.1358045
-0.1480392
-0.149424
-0.1869905
-0.2891998
-0.2778431
-0.2683973
-0.2401419
-0.2181015
-0.276312
-0.2919253
-0.4082771
-0.4688683
-0.7044976
-0.6589358
-0.6247398
-0.6599132
-0.4361793
-0.5380605
-0.7163659
-0.9223488
-0.7557635
-0.798873
-0.9155852
-1.00037
-0.6617684
-1.014898
-0.9318246
-0.6839228
-0.3886212
-0.4725202
-0.3976177
-0.4973465
-0.6931617
-0.6369314
-0.3785689
-0.4611699
-0.5342299
-0.3040027
-0.1982729
-0.06058264
-0.07932656
-0.0007145679
0.08600586
0.1684878
0.4325749
0.5987537
0.452608
0.585384
0.5573478
0.5014423
0.570274
0.7395699
0.6749957
0.5206218
0.4404781
0.5336335
0.3601142
0.3084782
0.4869902
0.581377
0.4958052
0.6719968
0.5443528
0.1990911
0.3194329
0.5101321
0.5109936
0.3352903
0.5412037
0.620291
0.6383404
0.7411956
0.831033
0.5921137
0.7048908
0.7786716
0.5796926
0.6922197
0.6487515
0.5835101
0.4804307
0.5374466
0.8279187
0.7471206
0.7533527
0.7080393
0.9190366
0.8099583
0.9346622
1.100248
1.063775
1.229246
1.27565
1.224752
1.261532
1.206853
1.30446
1.367313
1.40754
1.500527
1.401903
1.397604
1.315347
1.327932
1.183514
1.144848
1.10689
1.432127
1.34651
1.33827
1.500242
1.546288
1.872634
2.037495
2.173804
1.995439
1.927562
1.952995
2.037829
1.996824
1.948017
2.272491
2.341859
2.433295
2.289465
1.926852
1.708133
1.585371
1.30027
1.528521
1.615767
1.728844
1.864596
2.096236
2.235682
2.088821
2.080263
1.905098
1.67565
1.7078
1.635566
1.581115
1.643176
1.383767
1.46158
1.423053
1.390249
1.302052
1.440556
1.337143
1.320009
1.155867
1.165633
1.174844
1.287052
1.03661
0.9272485
1.068484
0.9705536
0.858487
0.906119
0.7142054
0.5528923
0.8711778
0.8850545
1.041673
0.902049
0.7894215
0.7067014
0.6981447
0.8788134
0.7942405
0.7767237
0.5587528
0.5479262
0.4612384
0.4295309
0.6254042
0.5456899
0.457892
0.4261176
0.2836756
0.3399616
0.2706367
0.2226447
0.1765802
0.2874181
0.3084854
0.3784652
0.2458963
0.08965523
0.5459013
0.2748982
-0.04608468
-0.1878616
-0.1454641
0.1215134
0.171892
0.2579125
0.09050381
-0.1457386
-0.2116186
-0.08837887
-0.07093595
-0.133334
-0.08709356
0.2193356
0.136095
-0.001234223
0.03166056
-0.03323439
0.0004956229
-0.1787222
-0.181599
-0.2162554
-0.08848793
-0.2736118
-0.1417235
-0.2138369
-0.2319607
-0.3193496
-0.1937295
-0.2232921
-0.2914547
-0.2452259
-0.5285537
-0.4291261
-0.3976846
-0.3256292
-0.0579735
0.04653602
0.187417
0.1657362
-0.119877
0.1147284
0.2223174
0.353307
0.6945201
0.4999911
0.5112091
0.5947516
0.7150576
0.8080519
0.9226773
1.38419
1.083366
1.184849
1.409295
1.484314
1.352498
1.579762
1.360363
1.439098
1.210026
1.137385
1.01572
0.9406618
0.9896262
0.8312329
0.9647756
1.079966
0.9502548
1.163528
1.266793
1.116172
1.172631
1.279652
1.179349
1.240488
1.107524
0.7800711
0.8014808
0.6166995
0.8466119
0.8352236
0.6892244
0.7554934
0.7297185
0.5235989
0.3031626
0.2115589
0.1087607
0.1731323
0.4009661
0.2883315
0.1042037
0.1406651
0.2534887
0.5378924
0.4573222
0.5663899
0.555516
0.3657803
0.3745992
0.3223371
0.189019
-0.07179671
0.1154913
-0.04597062
-0.1092331
0.1101878
0.3374004
0.1888165
0.3199895
0.2904221
0.4088903
0.3214205
0.1497333
0.3091378
0.4133211
0.4237263
0.3518034
0.5320587
0.584072
0.7287838
0.9741019
1.118002
1.073013
0.8314144
0.8378155
0.5924719
0.7011797
0.9049379
0.9645211
0.8021315
0.7292931
0.6592728
0.7271553
0.7460599
0.4703878
0.4831654
0.4326928
0.7271563
0.597216
0.3997938
0.4709997
0.252558
0.3550347
0.3483678
0.2649029
0.08156181
0.05614082
0.09126942
0.1184206
0.06026128
0.1029944
0.1392628
0.1810232
0.2652157
0.1435912
0.2544041
0.01142316
0.0035986
0.1380987
-0.1170162
0.04334655
-0.01889328
-0.2858354
-0.376782
-0.06714533
0.08833875
0.0678581
0.1153383
0.1096745
0.1636911
0.3037394
0.1960843
0.2015214
0.1311139
0.1263101
0.09676098
0.2927475
0.2746437
0.3541047
0.3705514
0.3373792
0.5212339
0.7376815
0.8978715
0.803464
0.8392336
0.7202873
0.4646555
0.22671
0.2554317
0.2339882
0.0419866
0.07013902
-0.1022611
-0.2276562
-0.2832989
-0.1322373
-0.009317697
0.2525485
0.1577975
0.167006
-0.02223577
0.1729518
0.131434
0.1189803
-0.09274191
0.1763288
0.06798925
-0.005849223
0.03489962
-0.07863013
-0.3239713
-0.1056355
-0.2331764
0.04467332
0.1251876
0.1498581
0.04424559
0.09042209
0.09159236
0.3056968
0.2816775
0.284699
0.1070068
-0.1495449
-0.2777408
-0.06814468
-0.0950748
-0.1998096
-0.4171833
-0.4117604
-0.7515428
-0.6422697
-0.6395407
-0.3570144
-0.3259288
-0.2870659
-0.2033812
-0.05413372
-0.1099589
-0.1449005
-0.2517367
-0.3814373
-0.6189386
-0.4853807
-0.718839
-0.6483318
-0.8300961
-0.7597915
-0.6937409
-0.6700478
-0.6725541
-0.7405478
-0.9031606
-0.753435
-0.5334987
-0.5232756
-0.475487
-0.6194713
-0.4362282
-0.5331479
-0.5115512
-0.3311816
-0.2694114
-0.4571338
-0.4323401
-0.3189082
-0.2042963
-0.1825601
-0.3888313
-0.1755256
-0.5545555
-0.5576891
-0.754211
-0.4593595
-0.5557223
-0.7280412
-0.3821168
-0.3451255
-0.2441223
-0.3887207
-0.2442872
-0.1599065
-0.2668289
-0.3449514
-0.3354614
-0.365166
-0.7159843
-0.7888706
-0.9293474
-1.04774
-1.203005
-1.040038
-0.9097922
-0.9761092
-0.9014718
-0.526486
-0.7304169
-0.6838111
-0.7468595
-0.975823
-0.930145
-1.177243
-1.122728
-0.9891253
-1.3573
-1.306998
-1.178952
-1.267039
-1.081198
-0.9453598
-0.7682617
-0.818157
-1.202936
-1.307117
-1.332231
-1.42291
-1.717756
-1.931951
-1.995569
-2.007553
-2.075492
-2.255106
-2.426944
-2.401509
-2.536849
-2.566979
-2.613336
-2.290574
-2.213747
-1.983207
-1.779385
-1.682511
-1.737476
-1.908698
-1.626804
-1.725799
-1.836717
-1.81223
-1.557061
-1.541271
-1.433721
-1.472882
-1.486597
-1.436937
-1.502649
-1.541423
-1.624037
-1.567428
-1.658437
-1.524954
-1.511348
-1.673563
-1.643851
-1.44686
-1.268237
-1.182858
-1.000981
-1.053694
-0.9745488
-0.9946255
-1.02275
-0.9298505
-1.130063
-1.345967
-1.604971
-1.781253
-1.846633
-1.753414
-1.692019
-1.621085
-1.799907
-1.91342
-2.119664
-2.294591
-2.023644
-1.754003
-1.738756
-1.725989
-1.977576
-1.959239
-1.93173
-1.71964
-1.506026
-1.598408
-1.671998
-1.443947
-1.678661
-1.646962
-1.772098
-1.856994
-1.811628
-1.805921
-1.783258
-1.607248
-1.684585
-1.862115
-1.981197
-2.058637
-1.965442
-2.124922
-2.284116
-2.513409
-2.677834
-2.814698
-2.735319
-2.415096
-2.556767
-2.756901
-3.085113
-3.027114
-3.191804
-3.114306
-3.094715
-3.053153
-2.962326
-2.860657
-2.7695
-2.780448
-2.769155
-2.99993
-3.249449
-3.534037
-3.283271
-3.168698
-3.272372
-3.339732
-3.489009
-3.42758
-3.486035
-3.309965
-3.34938
-3.168679
-3.356337
-3.321841
-3.406127
-3.397426
-3.237255
-3.413437
-3.123284
-3.184087
-3.278921
-3.101702
-3.03168
-3.025387
-3.087769
-3.139142
-3.118612
-3.259852
-3.37915
-3.422909
-3.510803
-3.482697
-3.435015
-3.423727
-3.458517
-3.405924
-3.40394
-3.552237
-3.491343
-3.684311
-3.655036
-3.554645
-3.583883
-3.533392
-3.370316
-3.36401
-3.380439
-3.376812
-3.477743
-3.585424
-3.700412
-3.5464
-3.480256
-3.372507
-3.338231
-3.475151
-3.618895
-3.554444
-3.625362
-3.62973
-3.637896
-3.731856
-3.760847
-3.939741
-4.024227
-3.979435
-3.822445
-3.743901
-3.682377
-3.712737
-3.528971
-3.652418
-3.874752
-3.732401
-3.832655
-3.940443
-4.075465
-4.239982
-4.336002
-4.420666
-4.298346
-4.502033
-4.446203
-4.594208
-4.546472
-4.516841
-4.777441
-4.79541
-4.828867
-4.994875
-4.915463
-5.267828
-5.175703
-5.068288
-5.190143
-4.965603
-4.684493
-4.414711
-4.542488
-4.49725
-4.367021
-4.311612
-4.707943
-4.757281
-4.587774
-4.505973
-4.615968
-4.632167
-4.753591
-4.654832
-4.430444
-4.15739
-3.937303
-4.100272
-4.011052
-3.914451
-3.935296
-3.98592
-3.845071
-3.889706
-4.014848
-4.237878
-4.258759
-4.049529
-4.180605
-4.261792
-4.342158
-4.289571
-4.298775
-4.340846
-4.34406
-4.174548
-4.188209
-4.321656
-4.10207
-4.023111
-3.958072
-3.823452
-3.829562
-4.060028
-4.419319
-4.555208
-4.587461
-4.55131
-4.731901
-4.786626
-4.760829
-4.854865
-5.080094
-4.969982
-4.88586
-4.662054
-4.734687
-4.789262
-4.865077
-4.789964
-4.837799
-4.882754
-5.056893
-4.976453
-4.89205
-4.977573
-5.147121
-4.996757
-4.775559
-4.72375
-4.616302
-4.711472
-4.678583
-4.282321
-4.114757
-4.286431
-4.17881
-4.462602
-4.526274
-4.432928
-4.377758
-4.14815
-4.274852
-4.338197
-4.412055
-4.358769
-4.522138
-4.526876
-4.41553
-4.181452
-4.302494
-4.215138
-4.079732
-3.85114
-3.814986
-3.793355
-3.707127
-3.820281
-4.006933
-4.054976
-4.168725
-4.041499
-3.879595
-3.765517
-3.70459
-3.685449
-3.716673
-3.635664
-3.541377
-3.503235
-3.571508
-3.28541
-3.204433
-3.163651
-3.003091
-2.939138
-2.736156
-2.651784
-2.700926
-2.654016
-2.823554
-2.827754
-2.711472
-2.515663
-2.582041
-2.485591
-2.592852
-2.530189
-2.493218
-2.536719
-2.545615
-2.314292
-2.221814
-2.305025
-2.314863
-2.212256
-2.289805
-2.178279
-1.878608
-1.843332
-1.774101
-1.862552
-1.579535
-1.730695
-1.893228
-2.076397
-2.115557
-2.151296
-1.982527
-1.991429
-2.051383
-2.024329
-2.154048
-2.178222
-2.187502
-2.221637
-2.152327
-2.161564
-2.516228
-2.740134
-2.620005
-2.700526
-2.806246
-3.074306
-3.049549
-3.112202
-3.278483
-3.587061
-3.524199
-3.278891
-3.264612
-3.23392
-3.123266
-3.018056
-3.02848
-2.803686
-2.790849
-2.666905
-2.75902
-2.992508
-3.094223
-2.915461
-2.521913
-2.343393
-2.42549
-2.660706
-2.847708
-2.768052
-2.768061
-2.795702
-2.864871
-2.998304
-3.165506
-3.199367
-3.017019
-2.958916
-2.762499
-2.467514
-2.497607
-2.397159
-2.541263
-2.510898
-2.592315
-2.459098
-2.384108
-2.506846
-2.343831
-2.170326
-1.937714
-1.955899
-2.101422
-2.176306
-2.122788
-2.357771
-2.196034
-2.019572
-2.069134
-1.817122
-1.758411
-1.784411
-1.864619
-2.156203
-2.199509
-2.075268
-1.950194
-2.011051
-2.139979
-2.037485
-2.125999
-1.907445
-1.974046
-2.031904
-2.217916
-2.356001
-2.411045
-2.364464
-2.121907
-1.974115
-1.887676
-1.875744
-1.837615
-1.956127
-1.999911
-2.167672
-2.108119
-2.063622
-2.088089
-2.163645
-2.084515
-1.957289
-1.863441
-1.790556
-1.669635
-1.812128
-1.711558
-1.931973
-1.935378
-1.875391
-1.757948
-1.752179
-1.847147
-1.687567
-1.766134
-1.849801
-1.699548
-1.739707
-1.701605
-1.775349
-1.638548
-1.800604
-1.777493
-1.900328
-1.67146
-1.633215
-1.471847
-1.589658
-1.485704
-1.574205
-1.607081
-1.45013
-1.368449
-1.484129
-1.488471
-1.474692
-1.385736
-1.312662
-1.525347
-1.621016
-1.552355
-1.200212
-1.329044
-1.724601
-1.68865
-1.892397
-1.712339
-1.769981
-1.636052
-1.561881
-1.497312
-1.38523
-1.475354
-1.227061
-1.233497
-1.242193
-1.1335
-1.193357
-0.9952401
-1.030984
-1.093213
-1.105918
-1.18115
-1.118446
-0.9137192
-0.8904056
-1.125924
-1.153658
-1.225319
-1.12017
-1.118349
-1.219165
-1.383679
-1.225556
-1.466742
-1.406303
-1.274116
-1.31178
-1.224399
-1.209305
-1.151169
-1.072224
-1.011791
-1.17174
-1.003605
-1.010851
-1.024462
-1.026244
-0.9310803
-0.7906148
-0.8917783
-0.8401773
-0.7292384
-0.7422144
-0.8371478
-0.7197964
-0.592711
-0.5511873
-0.4539984
-0.3279787
-0.4468861
-0.6764128
-0.8409113
-0.6360706
-0.6779419
-0.7613586
-0.7859466
-0.8880454
-1.098918
-0.8611806
-0.7908065
-0.686172
-0.6541005
-0.5800105
-0.370347
-0.5953856
-0.7200033
-0.6656109
-0.6717748
-0.670221
-0.6817648
-0.6591108
-0.7327771
-0.8975681
-0.9369986
-0.8341284
-1.02383
-1.193908
-1.392741
-1.709338
-1.654464
-1.764759
-1.734555
-1.577854
-1.504992
-1.370003
-1.284849
-1.372795
-1.418111
-1.240985
-1.318489
-1.038768
-0.7525863
-0.7622077
-0.9043076
-0.5091205
-0.6141182
-0.8176542
-0.7769912
-0.9188088
-0.9384093
-0.8524785
-0.9607052
-1.249314
-0.9498367
-0.8140835
-0.6693119
-0.6977384
-0.6911899
-0.6724291
-0.5536101
-0.3747543
-0.3779588
-0.4890183
-0.2113096
-0.2292935
-0.2260037
-0.27385
-0.2626882
-0.6566853
-0.6401838
-0.650861
-0.7965512
-0.7113931
-0.4398537
-0.4255697
-0.4735628
-0.6087212
-0.6463809
-0.7017837
-0.4722047
-0.4963885
-0.6585858
-0.6257329
-0.6322832
-0.6650769
-0.60669
-0.6808286
-0.6380415
-0.7049515
-0.7083265
-0.7234319
-0.7368239
-0.6790043
-0.7010617
-0.7366003
-0.7821975
-0.7963787
-0.9251201
-1.077329
-1.006648
-0.9800869
-0.9983451
-1.063183
-1.080699
-1.040906
-1.230864
-1.306454
-1.422946
-1.202979
-1.589439
-1.553071
-1.398887
-1.687689
-1.80518
-1.740756
-1.551446
-1.656444
-1.47109
-1.267971
-1.420293
-1.212672
-1.305274
-1.206049
-1.143969
-0.9979113
-0.9753946
-0.9804271
-0.936011
-1.05076
-1.199097
-1.309506
-1.224749
-1.437795
-1.507174
-1.501631
-1.487906
-1.222617
-1.303605
-1.03575
-1.112022
-1.417092
-1.446794
-1.414025
-1.534089
-1.48636
-1.439358
-1.162596
-1.190926
-1.253076
-1.267896
-1.135162
-1.134708
-1.161208
-1.181168
-1.282107
-1.107829
-1.087247
-1.257922
-1.324851
-1.217334
-1.115574
-1.150666
-1.20022
-1.222593
-1.161933
-1.019084
-0.8977631
-0.9746547
-0.7383921
-0.6654538
-0.5325875
-0.5811595
-0.6238752
-0.4101628
-0.5112925
-0.3419119
-0.6852873
-0.4547657
-0.5818769
-0.595678
-0.5177997
-0.2698296
-0.117047
0.08900459
0.2472242
0.3568605
0.2013951
0.1671421
0.2011166
0.1099152
0.1688901
0.06720102
0.05318919
0.008118489
0.07779595
0.1113969
-0.05124903
-0.295037
-0.5921675
-0.5344613
-0.4806558
-0.5024583
-0.5646279
-0.2365324
-0.2077462
-0.1895472
-0.4352402
-0.4217323
-0.2659871
-0.3088114
-0.4203059
-0.4279994
-0.3759013
-0.3084235
-0.1134658
-0.2676864
-0.4599617
-0.5224679
-0.6689052
-0.7181187
-0.7528692
-0.8449671
-0.8420751
-0.8027583
-0.9173089
-0.8285646
-0.845332
-1.029783
-1.155492
-1.015619
-0.9452933
-0.9751655
-1.024028
-1.081506
-0.9986237
-0.7977383
-1.00158
-0.9827557
-1.091863
-1.169217
-1.03395
-0.824985
-0.7970308
-0.7579277
-0.4597099
-0.234841
-0.2778953
-0.3339914
-0.2941182
-0.3314664
-0.4143244
-0.1726107
-0.1459824
-0.0673139
-0.04991958
-0.2412602
-0.38825
-0.3000566
-0.454284
-0.5179208
-0.4326874
-0.5838886
-0.4896532
-0.5557888
-0.7408408
-0.662134
-0.7576234
-0.7435095
-0.7923094
-0.6897752
-0.7284388
-0.8445152
-0.8915386
-0.7239801
-0.9058392
-0.8254723
-0.7680374
-0.7323692
-0.6372947
-0.5220451
-0.5980565
-0.5793651
-0.5724067
-0.4746179
-0.3448222
-0.2615404
-0.1739441
-0.2244935
-0.4535391
-0.6057142
-0.400898
-0.480045
-0.1344484
-0.5024978
-0.4076671
-0.3757216
-0.4777568
-0.498942
-0.8771903
-0.6105668
-0.4777677
-0.03435289
-0.2310912
-0.2727617
-0.1432055
-0.08909364
-0.1537046
-0.3280168
-0.2589613
-0.315669
-0.4051459
-0.4188216
-0.3851805
-0.1036453
0.05935002
-0.03824367
0.07852264
0.2298679
0.4218506
0.4281373
0.5713093
0.4993463
0.09938878
0.2198561
0.2812925
0.3932683
0.2713011
0.4390271
0.5178105
0.6890518
0.5209787
0.5191155
0.6888089
0.4426658
0.2676089
0.4226644
0.4063339
0.5237787
0.6239434
0.3965183
0.3379655
0.580853
0.6704462
0.709148
0.4268442
0.6512187
0.8198316
0.6370485
0.6416143
0.5143039
0.5314787
0.6092439
0.5575727
0.4292292
0.3639682
0.4686329
0.3838073
0.2319125
0.1490692
-0.1640114
-0.08772321
0.01110989
-0.2028601
-0.2374621
-0.1934809
-0.04259223
0.0280094
0.08364611
-0.2511988
-0.1473858
-0.2990209
-0.407077
-0.4812789
-0.5290521
-0.5483017
-0.6059302
-0.6027535
-0.6037637
-0.6560677
-0.8546217
-0.9045312
-0.9128652
-0.7350019
-0.8753169
-0.9735108
-0.8057676
-1.023963
-0.9937433
-1.196025
-1.011094
-1.065338
-0.784417
-0.802497
-0.8143366
-0.8899998
-0.9468712
-0.8626388
-1.108084
-1.209272
-1.347293
-1.340433
-1.433812
-1.497657
-1.381092
-1.400655
-1.3638
-1.411979
-1.337393
-1.309288
-1.320144
-0.7926708
-0.7654006
-0.5535549
-0.5678092
-0.5686018
-0.3869866
-0.2886633
-0.2515374
-0.1682152
-0.1412258
-0.432974
-0.3566033
-0.3535626
-0.1437061
-0.157579
-0.4108847
-0.183053
-0.295834
-0.3702316
-0.2122375
0.03820286
0.07508642
0.05794328
0.19632
0.1741352
0.3540722
0.5142697
0.5095043
0.6050874
0.6917834
0.8178663
0.9795969
0.9717157
0.8275929
0.8624924
0.9179974
1.013074
1.084304
1.139429
0.9145996
0.993517
0.8621337
0.950715
0.6401959
0.7173829
0.710247
0.7970127
0.9769193
1.170575
1.340118
1.396004
1.350837
1.444967
1.451969
1.495849
1.561268
1.649947
1.864784
1.823361
1.84411
1.748279
1.611306
1.663264
1.778647
1.744603
1.859158
1.855679
1.923276
1.917261
2.084477
2.112522
1.986307
1.805718
1.795939
1.750357
1.810152
1.717732
1.61619
1.699069
1.790081
1.64054
1.641911
1.619907
1.622772
1.723708
1.664955
1.679243
1.608982
1.483685
1.396417
1.553451
1.617133
1.69967
1.527029
1.584965
1.778106
1.633156
1.562285
1.5252
1.286021
1.210773
1.212117
1.329354
1.223504
1.472458
1.272936
1.453891
1.257097
1.309347
1.36458
1.347473
1.290145
1.352439
1.475466
1.587068
1.715666
1.542638
1.459202
1.390767
1.540447
1.567853
1.408169
1.292432
1.375856
1.576636
1.600869
1.574771
1.257531
1.051601
1.062868
0.9417088
1.06428
1.108132
0.9205871
1.074051
1.242937
1.037581
1.162197
1.200333
1.372931
1.437994
1.561107
1.584853
1.570886
1.641502
1.65635
1.556594
1.558925
1.633217
1.816935
1.978348
1.968336
1.866357
2.086131
2.032736
1.638413
1.536805
1.626656
1.715146
1.756138
1.627041
1.620312
1.598145
1.868092
1.739163
1.906608
1.820897
1.577091
1.507601
1.573869
1.633513
1.30293
1.300421
1.199203
1.252022
1.234154
1.375082
1.172772
1.192015
1.014599
1.193898
1.513071
1.404829
1.523098
1.5025
1.626307
1.438289
1.324981
1.378761
1.310329
1.142932
1.010152
1.170771
1.192348
1.165549
1.087173
0.9753048
0.9921232
0.8237517
0.923439
0.788009
0.8958547
0.7287449
0.7483251
0.6148874
0.3724245
0.3583848
0.4652019
0.5985146
0.4298733
0.6164584
0.6626213
0.8045019
1.036089
1.012482
0.8659307
0.8153362
0.719915
0.7277341
0.6639762
0.5896333
0.4951278
0.4928934
0.5837002
0.5786243
0.6116066
0.7939842
1.060216
1.204567
1.330874
1.362467
1.309509
1.144439
1.410082
1.407166
1.376578
1.351606
1.429422
1.481982
1.57112
1.582225
1.630952
1.431392
1.186213
1.131731
1.309026
1.217669
1.078293
0.939553
0.8651205
0.8946031
1.028181
1.16665
0.9685747
1.047547
0.5711714
0.7542192
0.7284456
0.5646262
0.3763944
0.3260511
0.3537054
0.07862921
0.1657533
0.1826504
-0.0413079
-0.1098667
-0.08587189
-0.04719303
-0.06371289
-0.06240291
-0.1525816
0.02233498
-0.056082
0.05436764
0.2044615
0.1807881
0.03520679
0.02593593
-0.3930469
-0.5764541
-0.7544979
-0.7691909
-0.9252233
-0.8244944
-0.9833979
-0.7966643
-0.7383198
-0.4297759
-0.2908284
-0.3758808
-0.6039262
-0.4497571
-0.4918516
-0.5615667
-0.5514495
-0.5586998
-0.2816389
-0.3193786
-0.4658103
-0.4341228
-0.5520604
-0.6954391
-0.9207209
-1.045529
-0.9840174
-0.9193664
-1.150193
-1.386144
-1.445886
-1.594633
-1.572122
-1.691417
-1.637457
-1.372559
-1.288196
-1.308884
-1.380452
-1.480733
-1.226109
-1.31827
-1.201355
-1.214286
-1.179198
-0.9653819
-0.6103636
-0.7135202
-0.6935585
-0.5444136
-0.5007782
-0.3715832
-0.7587249
-0.6898176
-0.639071
-0.8999236
-1.042015
-0.8296868
-0.5130214
-0.5531286
-0.4050301
-0.2560563
-0.242088
-0.274157
-0.6167019
-0.7296834
-0.8153511
-0.810817
-0.8791666
-0.9627349
-1.045756
-0.8308659
-0.6427078
-0.7750584
-0.708832
-0.4969531
-0.5581171
-0.4683431
-0.295878
-0.1725088
-0.1358722
-0.1830423
-0.1144599
-0.04335574
-0.1740468
-0.1871656
-0.2136067
-0.1720989
-0.104271
-0.351949
-0.2035911
-0.3949641
-0.6565037
-0.5904887
-0.6113762
-0.7401379
-0.649779
-0.4696358
-0.5712476
-0.5880545
-0.7927995
-0.481321
-0.5559995
-0.7989663
-0.5260067
-0.519715
-0.7082038
-0.6475936
-0.6444629
-0.4815392
-0.4072493
-0.1820819
-0.1839334
-0.1506364
-0.004168759
-0.1030945
-0.03796328
-0.3101031
-0.4063778
-0.459012
-0.6069318
-0.3894882
-0.4222227
-0.390233
-0.2643352
-0.09929265
-0.2582356
-0.0230961
-0.1284138
-0.05595404
-0.07320086
-0.01143557
0.1301237
0.1645639
0.1013079
0.03396788
-0.02631854
-0.0994495
0.2229103
0.157483
0.1399996
0.1938841
0.03487422
-0.01960917
-0.09529989
0.2501585
0.07600425
-0.0777142
0.04143021
-0.02035013
0.2121416
0.3431077
0.03436628
0.3205429
0.3493461
0.1329712
0.1929257
0.1404059
0.08949724
-0.09825763
-0.1924346
-0.1000555
-0.2529989
-0.3021794
-0.2960121
-0.4778467
-0.4665947
-0.6855869
-0.5847691
-0.5262303
-0.5925244
-0.482927
-0.5025038
-0.8809218
-0.909804
-0.8926989
-0.8710688
-0.8099709
-0.7466357
-0.8568207
-0.9597577
-0.8571376
-0.5267237
-0.2976028
-0.3963452
-0.3199596
-0.4599235
-0.4937222
-0.575485
-0.7626322
-1.056801
-0.9589129
-1.089513
-1.223861
-1.618966
-1.601176
-1.556887
-1.479457
-1.620326
-1.504264
-1.519023
-1.539295
-1.536353
-1.483555
-1.335134
-1.296721
-1.361375
-1.477856
-1.35629
-1.708457
-1.500116
-1.34668
-1.341497
-1.314124
-1.393149
-1.583024
-1.422987
-1.57586
-1.624853
-1.357589
-1.541376
-1.414019
-1.643177
-1.650872
-1.677932
-1.53569
-1.606827
-1.514395
-1.584528
-1.542485
-1.370492
-1.537392
-1.558794
-1.69446
-1.40157
-1.495957
-1.555903
-1.575099
-1.33606
-1.51509
-1.492142
-1.66347
-1.541621
-1.643202
-1.516599
-1.582685
-1.557146
-1.691837
-1.879095
-1.848386
-1.822473
-1.742617
-1.721909
-1.87638
-1.790504
-1.849103
-1.798637
-1.917589
-1.865117
-1.68766
-1.84539
-1.66244
-1.772366
-1.77766
-2.000615
-2.233782
-2.198494
-2.1264
-2.22698
-2.148122
-2.091089
-2.08017
-2.333337
-2.440891
-2.535119
-2.541876
-2.55236
-2.40456
-2.231792
-2.303957
-2.544963
-2.537283
-2.626972
-2.726453
-2.764836
-2.97325
-2.905603
-3.014272
-3.166032
-3.313013
