probIn scale
0.4506442 0.001414235
0.4303829 0.001394553
0.4072578 0.001380325
0.392231 0.001341225
0.3805021 0.001333295
0.3896704 0.001317795
0.3771049 0.001323637
0.3664711 0.001325424
0.3513407 0.001305079
0.3344216 0.001307738
0.331835 0.001305233
0.3323802 0.001315482
0.3319834 0.00132151
0.3331234 0.001333325
0.3311742 0.001330863
0.3229136 0.001306652
0.3178437 0.001309807
0.3130868 0.001289021
0.3178929 0.001281602
0.3122419 0.001268982
0.3082583 0.001299504
0.3129837 0.001315162
0.2995 0.001283985
0.2888845 0.001266381
0.2963298 0.001267586
0.2983142 0.001267437
0.2994554 0.00123972
0.2898105 0.00126201
0.2848087 0.001238817
0.2904035 0.001232143
0.2934416 0.001211595
0.2813765 0.001203199
0.2785646 0.001202953
0.2752919 0.001193822
0.2763614 0.001194857
0.2715245 0.00118981
0.2642197 0.001181837
0.2741546 0.001179666
0.2517527 0.001208956
0.255649 0.001201211
0.2555365 0.001193454
0.2794974 0.001181434
0.2769845 0.001179551
0.276318 0.001191848
0.2618651 0.001200406
0.2548328 0.001215235
0.2722631 0.001194873
0.2714723 0.001195121
0.2646251 0.001204043
0.2747257 0.001209477
0.2588625 0.00118222
0.2465605 0.001174116
0.2504514 0.00115055
0.2444059 0.001119231
0.2507967 0.001097113
0.2488992 0.001108957
0.2539034 0.001116231
0.2489272 0.001127665
0.2637984 0.001104163
0.2675173 0.001107598
0.2457001 0.00107431
0.2508101 0.001079217
0.2660055 0.001069715
0.2635518 0.001079279
0.2848295 0.001084607
0.2863481 0.001089519
0.2894438 0.001081023
0.2926343 0.001071211
0.3006502 0.001092719
0.2940259 0.001119892
0.2950154 0.001097705
0.2921224 0.001088075
0.2930998 0.001092716
0.2892978 0.001089965
0.2895337 0.001099196
0.2881482 0.001098273
0.2859015 0.001058007
0.2763306 0.001041681
0.2733206 0.001041272
0.2710671 0.001034076
0.2701662 0.001025958
0.2875708 0.001019565
0.3142214 0.000996965
0.3154827 0.0009827934
0.3157443 0.0009940092
0.2896258 0.0009950247
0.291973 0.0009955784
0.29024 0.0009920856
0.2828783 0.0009834822
0.2813488 0.001005549
0.2970235 0.001020354
0.2909916 0.00102639
0.2968953 0.001029745
0.3046392 0.00104331
0.2941054 0.001033395
0.3045163 0.00104149
0.3032191 0.001022737
0.3022489 0.001025143
0.2998044 0.001006216
0.3103207 0.0009993847
0.2911597 0.0009901959
0.286744 0.001002943
0.294682 0.001029081
0.3071572 0.001039945
0.3061014 0.001042942
0.3222333 0.001037788
0.3072472 0.001027234
0.3113555 0.001015708
0.3102354 0.001025988
0.3068788 0.001010965
0.317185 0.001007493
0.3246854 0.0009906397
0.316672 0.000972365
0.3020549 0.0009794312
0.3121446 0.001006408
0.3125507 0.001007687
0.3193282 0.00101027
0.324684 0.001012407
0.3174944 0.001023458
0.326823 0.001016885
0.3181073 0.00103247
0.3291677 0.001018212
0.3256508 0.001010739
0.312094 0.001019584
0.3110877 0.001030116
0.3072074 0.001052234
0.3054393 0.001041311
0.3039069 0.001064479
0.3205796 0.001045337
0.3227118 0.001045435
0.3178444 0.001045519
0.3353152 0.001052937
0.3338006 0.001046232
0.3400179 0.001058958
0.3455418 0.001048551
0.3567457 0.001050038
0.3393245 0.001054478
0.3325253 0.001062198
0.3324905 0.001067587
0.3258029 0.001055259
0.320352 0.001043883
0.3126065 0.001019099
0.3248266 0.001008746
0.3333074 0.0009928677
0.3262053 0.0009951719
0.311084 0.0009838459
0.3153695 0.0009896475
0.3027343 0.0009846544
0.3092692 0.0009989008
0.3034196 0.001003159
0.3023184 0.0009997807
0.2967 0.0009769215
0.2974214 0.0009840723
0.2966923 0.000997958
0.2981866 0.0009921598
0.3008707 0.001009631
0.300337 0.001017479
0.3005291 0.00103877
0.3083533 0.001032367
0.3090544 0.001049566
0.3088678 0.001030766
0.3116152 0.00103474
0.3367409 0.001026958
0.3423956 0.001059257
0.3368291 0.001054345
0.3314538 0.001033792
0.3266352 0.001022408
0.3236817 0.001025421
0.3333321 0.001024647
0.3262077 0.0009970258
0.325783 0.000995167
0.3293031 0.0009736242
0.3363178 0.0009772142
0.3183419 0.0009668275
0.3082056 0.000959108
0.3068326 0.0009464685
0.3113442 0.0009371148
0.3199733 0.0009443078
0.3232518 0.0009430114
0.3200144 0.0009460029
0.3063075 0.0009605781
0.308424 0.0009511539
0.3234757 0.0009476084
0.3267396 0.0009460915
0.3299722 0.0009526205
0.317397 0.0009561543
0.3132624 0.0009588898
0.3203758 0.0009408786
0.3152979 0.0009440868
0.3200087 0.0009327015
0.3238102 0.0009109516
0.3359906 0.0008953583
0.333859 0.0008809812
0.3200499 0.0008909972
0.3094095 0.0008943581
0.2956814 0.0008769434
0.2956668 0.0008945316
0.3008499 0.000892574
0.2851572 0.0008988117
0.285386 0.0008848368
0.2888712 0.0008906666
0.3003908 0.0009070364
0.3003962 0.0009027604
0.2912003 0.0009185757
0.2934059 0.00092003
0.2904516 0.0009353083
0.2905568 0.0009375379
0.3030885 0.0009329339
0.2928656 0.0009264142
0.3029233 0.0009133951
0.298154 0.0009280625
0.3023576 0.0009324948
0.2981933 0.0009466622
0.3017028 0.0009514141
0.297806 0.0009616472
0.2933157 0.0009760454
0.2697629 0.0009757397
0.286646 0.0009959802
0.2895579 0.0009994162
0.2849352 0.001030296
0.2762928 0.001034869
0.2617015 0.001031206
0.2574953 0.001031392
0.2466549 0.001036421
0.2437514 0.001038649
0.2440983 0.001044446
0.2443846 0.001035698
0.246723 0.001016975
0.2520555 0.0009971588
0.2542982 0.0009701079
0.2611313 0.000980732
0.2764407 0.0009930049
0.271769 0.0009856489
0.2603652 0.0009659898
0.2706508 0.0009690512
0.2709175 0.0009778255
0.2824726 0.000962367
0.2801254 0.0009621019
0.2782236 0.0009849994
0.2759173 0.0009650119
0.2784359 0.0009702806
0.2776258 0.0009523869
0.2804771 0.0009820103
0.2813354 0.0009625818
0.2631416 0.0009646546
0.2576184 0.0009719005
0.2597798 0.0009922503
0.2507873 0.000987408
0.2572816 0.0009729661
0.2630017 0.0009749608
0.2692473 0.0009795999
0.2668535 0.000960185
0.2625553 0.0009951282
0.263138 0.0009777281
0.2564372 0.0009723338
0.2544991 0.0009583685
0.2438924 0.0009580805
0.2292183 0.0009572316
0.2366244 0.0009631633
0.2579816 0.0009547672
0.2582087 0.0009476269
0.2503835 0.0009399584
0.2490962 0.0009322346
0.258764 0.0009302184
0.2584568 0.0009321666
0.2526952 0.0009321012
0.2529323 0.0009253695
0.2543811 0.0009312169
0.2612931 0.0009399088
0.2610687 0.0009381164
0.2603181 0.0009293457
0.2635712 0.0009377437
0.2494402 0.0009319606
0.2584834 0.0009301078
0.2632975 0.0009563703
0.2619842 0.0009849604
0.2480296 0.0009948134
0.2580905 0.001013109
0.2491884 0.001021324
0.2568874 0.001022149
0.2435202 0.001032399
0.2423242 0.001058728
0.2378129 0.001048122
0.243055 0.00103739
0.24886 0.001062271
0.2408698 0.001079821
0.2485344 0.001092025
0.2494115 0.001084435
0.239241 0.001111334
0.2238366 0.001086944
0.2245059 0.00110008
0.2169663 0.001098272
0.2103622 0.001075421
0.2085579 0.001086307
0.2141678 0.001087829
0.2143382 0.001058623
0.2169238 0.001065386
0.201513 0.00106958
0.1917835 0.001050871
0.2008264 0.001064042
0.2037577 0.001046596
0.2117958 0.001039664
0.2192712 0.001034889
0.2155207 0.001031948
0.2086039 0.00101096
0.1927387 0.001013339
0.2079727 0.0009972504
0.2211492 0.001013312
0.2327934 0.001003936
0.2318408 0.0009953045
0.2412193 0.0009955395
0.2484366 0.000999382
0.2481307 0.001013644
0.2287332 0.0009776421
0.2330434 0.001000838
0.2344092 0.001005567
0.2436514 0.001011152
0.2490928 0.001019299
0.2627319 0.001015886
0.2685702 0.001012419
0.2620149 0.0009969367
0.2567606 0.001027205
0.2534827 0.001033965
0.2488924 0.00103885
0.2580573 0.001054693
0.2533101 0.001034095
0.2431161 0.001047408
0.2360047 0.001050103
0.2441692 0.001061453
0.242915 0.001052294
0.2519287 0.001048015
0.255822 0.001025748
0.2609258 0.001041946
0.2359049 0.001051096
0.2287145 0.001053523
0.23131 0.001023888
0.234468 0.001010616
0.2525021 0.001037516
0.2459669 0.0010358
0.2436643 0.001019756
0.2464053 0.001003631
0.2535652 0.001005094
0.2636697 0.00100295
0.2689911 0.001010093
0.2792826 0.001023433
0.2876538 0.001035448
0.2966798 0.001023469
0.2776025 0.001014132
0.275058 0.001022537
0.2661688 0.001027654
0.2534413 0.001019976
0.2442645 0.001012319
0.2550027 0.001007476
0.2532912 0.001005715
0.2630454 0.0009982056
0.2697736 0.001014833
0.2997117 0.001026623
0.2940742 0.00100996
0.2916126 0.001022136
0.3061659 0.00103811
0.3029557 0.001023629
0.2952753 0.001035182
0.2926705 0.001028528
0.2994493 0.001043049
0.3012367 0.00102153
0.2992389 0.001042468
0.2930632 0.001036524
0.2997619 0.00105417
0.3037211 0.001069211
0.2993615 0.001094336
0.2987502 0.001089412
0.2875855 0.001101746
0.2887364 0.001106162
0.2908215 0.00110841
0.2997617 0.001117713
0.3001003 0.001129357
0.2888417 0.001131621
0.2838388 0.001136755
0.2925008 0.001142754
0.3025317 0.001150127
0.2956359 0.001138527
0.3023005 0.001147898
0.3224778 0.001140205
0.3220993 0.001119299
0.3284873 0.0011238
0.3218683 0.001130712
0.3223163 0.001118099
0.3161616 0.001101497
0.3201566 0.001069217
0.3192371 0.001055756
0.3053619 0.001079185
0.3130156 0.001065208
0.2933929 0.001063406
0.2966305 0.001049527
0.2861246 0.001067672
0.2792241 0.001068247
0.2718986 0.001048549
0.276135 0.001064695
0.2732816 0.001043949
0.2776192 0.001048824
0.2790772 0.001060146
0.2783894 0.00107906
0.2708881 0.001097487
0.2741351 0.001112679
0.283152 0.001147293
0.286955 0.001133428
0.2819077 0.001119987
0.2762444 0.00111222
0.2675372 0.001099751
0.2664879 0.001090534
0.2569383 0.001113246
0.264314 0.001108034
0.2582376 0.001093934
0.2827731 0.00108709
0.2846886 0.001074241
0.2632121 0.001080434
0.2668679 0.001082042
0.2613399 0.00109151
0.2675135 0.001091969
0.2825675 0.001087255
0.2633113 0.001077451
0.2627009 0.001077573
0.2670058 0.001050002
0.2746196 0.001044735
0.273061 0.001037638
0.2696803 0.001049572
0.2611339 0.001063536
0.2736476 0.001035024
0.2724638 0.001026979
0.2827049 0.001037431
0.2751602 0.001051779
0.281267 0.001032295
0.2874987 0.00104426
0.293022 0.001085418
0.278163 0.001081088
0.287254 0.001087321
0.2867734 0.001074034
0.3000229 0.001081499
0.2998688 0.001066174
0.3099681 0.001068443
0.3063913 0.0010656
0.3014653 0.001060927
0.2958277 0.001065655
0.2994006 0.001067197
0.2909754 0.001075743
0.3008068 0.001096593
0.2968648 0.001099181
0.3082148 0.001120821
0.30451 0.001124908
0.2864787 0.001120271
0.2637923 0.001129788
0.2599986 0.001128016
0.2533605 0.001132815
0.2625069 0.001153633
0.2629839 0.001168103
0.2497415 0.001168856
0.2499757 0.001180308
0.259114 0.00114448
0.2545104 0.00112767
0.2683113 0.001103574
0.2640848 0.001097733
0.2596651 0.001105664
0.2501126 0.001097049
0.2490418 0.001096629
0.246748 0.001101965
0.2523489 0.001097487
0.266902 0.001078432
0.2574714 0.001082495
0.2474541 0.001081245
0.2578254 0.001076923
0.2515477 0.001083422
0.2530954 0.00106032
0.2565889 0.001060998
0.255266 0.001063021
0.2534064 0.001060509
0.2643836 0.001058307
0.2750401 0.001044878
0.2713108 0.001051345
0.2723376 0.001033834
0.2707537 0.001063982
0.2615969 0.001066388
0.2668923 0.001056768
0.2528406 0.001058904
0.2580198 0.001061553
0.2561066 0.00107222
0.263744 0.001073164
0.265859 0.001079996
0.2727624 0.001093739
0.2773976 0.001099513
0.2743962 0.001084225
0.2770464 0.00106346
0.2701941 0.001074464
0.2668387 0.001078038
0.2559129 0.001070047
0.2440554 0.001060829
0.2501412 0.001066179
0.2550769 0.001080592
0.2469898 0.001072957
0.2252428 0.001073317
0.2424056 0.001074756
0.2305608 0.001074568
0.2365581 0.00107089
0.2270938 0.00105346
0.2310844 0.001055916
0.2385249 0.001051658
0.2517326 0.001042416
0.2569433 0.001049845
0.2418308 0.001050115
0.2446065 0.001062777
0.2337717 0.001069726
0.2340611 0.001068561
0.225263 0.001075019
0.2316356 0.001088074
0.2347887 0.001073646
0.2237133 0.001090413
0.2210325 0.001084527
0.2253155 0.001081206
0.2282429 0.001082288
0.2282416 0.001086389
0.2337318 0.001046566
0.2351465 0.001049997
0.2284801 0.00103402
0.2367984 0.001027426
0.2436509 0.001042354
0.2346562 0.001072733
0.2483843 0.001096348
0.2489729 0.001091157
0.2383585 0.001091314
0.2417138 0.001094011
0.2476119 0.001093892
0.2219461 0.001051705
0.2255233 0.001025537
0.2308205 0.001014016
0.2387712 0.0009898898
0.2490098 0.0009959403
0.2459182 0.00100261
0.2476665 0.001015127
0.2309688 0.001016777
0.2201037 0.001016369
0.2232788 0.001032931
0.2401464 0.001035811
0.2450158 0.001018521
0.2522644 0.001018013
0.2493401 0.001001561
0.2319394 0.001013085
0.2356973 0.001030082
0.230652 0.001006931
0.2408367 0.001003672
0.2299761 0.001003646
0.2224598 0.001012008
0.2264218 0.001037615
0.2305559 0.001045584
0.2149796 0.001070748
0.214523 0.001068392
0.2211541 0.001055785
0.2273977 0.001079243
0.2213631 0.001061637
0.2150745 0.001039077
0.2147908 0.001031484
0.2115249 0.001014223
0.2154173 0.0010073
0.2114561 0.001001674
0.2064498 0.001026446
0.2031546 0.001059111
0.2095139 0.00107313
0.2149176 0.001061869
0.2176888 0.001085934
0.2189218 0.001063622
0.2120407 0.001045942
0.1949589 0.001035763
0.1948419 0.001064899
0.2043941 0.001068183
0.2088494 0.001013675
0.1935523 0.001015358
0.1983104 0.001031462
0.2021431 0.001061672
0.1855372 0.001060252
0.1870953 0.001043374
0.183791 0.001053621
0.1728042 0.001047694
0.1757418 0.001059845
0.182993 0.001035593
0.1708996 0.001046912
0.1672334 0.001043595
0.1711312 0.001041556
0.187611 0.001020246
0.1871982 0.001015826
0.1803077 0.001017059
0.1801634 0.001018207
0.1690563 0.001040527
0.169096 0.001026222
0.1590931 0.001019479
0.1568433 0.00104342
0.1570954 0.001036182
0.1552255 0.001047495
0.1512473 0.001024761
0.1470226 0.001008634
0.1453537 0.0009939447
0.1401415 0.0009924272
0.1398611 0.0009913776
0.1452274 0.001004715
0.1550736 0.0009796233
0.1592345 0.0009703119
0.1560487 0.0009698098
0.1606942 0.0009713901
0.1569885 0.0009807933
0.168986 0.0009808013
0.1747382 0.0009613048
0.1772413 0.0009681773
0.1796724 0.000981731
0.1903548 0.0009822592
0.1827513 0.0009661146
0.1876388 0.0009673548
0.1877506 0.0009764646
0.1932357 0.000975254
0.1860049 0.0009824292
0.1814035 0.0009829033
0.1774062 0.0009983329
0.1811798 0.001002401
0.1721727 0.000999949
0.1716322 0.0009992739
0.1737531 0.001035463
0.1700949 0.001048388
0.1713883 0.001044913
0.1760853 0.001040109
0.1729011 0.001029401
0.1636851 0.001036668
0.1753406 0.001041346
0.1772555 0.001038539
0.1781813 0.001041867
0.1746338 0.001044398
0.1708745 0.001014508
0.1658019 0.001021065
0.1718336 0.001012183
0.1683173 0.001005174
0.1741386 0.001003524
0.1886975 0.0009901601
0.1933058 0.0009901263
0.1969645 0.0009861412
0.2099423 0.0009905821
0.218506 0.0009878231
0.2250621 0.0009939352
0.2139806 0.0009867078
0.2130019 0.0009955899
0.2153397 0.001001726
0.2250497 0.001019388
0.2281743 0.001005574
0.2182103 0.0009933735
0.2398899 0.0009832686
0.2149429 0.0009967033
0.2150435 0.0009988465
0.2210135 0.0009971078
0.2364388 0.001022936
0.2415884 0.001029193
0.2363622 0.001038636
0.2367581 0.001048347
0.2255092 0.001020512
0.196266 0.001026586
0.1996297 0.001008658
0.1937215 0.001012481
0.1952235 0.001026258
0.1921017 0.001016053
0.2175767 0.001025757
0.2104427 0.001015241
0.2176941 0.001013714
0.2203987 0.001009567
0.2212435 0.001013949
0.2264471 0.00100234
0.2183198 0.0009976075
0.2263434 0.001006873
0.220326 0.001011003
0.2277487 0.001007059
0.2157788 0.001016025
0.2114826 0.0009982891
0.2238678 0.000983633
0.2299792 0.0009660747
0.2244182 0.0009675239
0.2351164 0.0009779585
0.230049 0.0009784951
0.2306542 0.0009856824
0.2251458 0.000962541
0.2167665 0.0009664732
0.233466 0.0009630673
0.2345669 0.0009591743
0.2331882 0.000973648
0.2261501 0.0009757383
0.2202317 0.0009946186
0.2226425 0.001030247
0.2127675 0.001077575
0.2138892 0.001086028
0.2255232 0.001085585
0.2214164 0.001067104
0.221084 0.001080489
0.2211286 0.001071912
0.2111237 0.001082071
0.2241526 0.001090245
0.2062868 0.001084865
0.213761 0.001075075
0.2083835 0.001063659
0.2111625 0.001064692
0.2195083 0.001059165
0.2307137 0.00107034
0.2370764 0.001066665
0.2395035 0.00104079
0.2306333 0.001049545
0.2321217 0.001061828
0.2290005 0.001051147
0.2229154 0.00106495
0.2289336 0.001071405
0.2188072 0.00106292
0.2150353 0.001065323
0.2176727 0.001067711
0.219519 0.001097421
0.2119178 0.001084258
0.2146186 0.001088562
0.2037671 0.001106185
0.2097076 0.001105907
0.207855 0.001092405
0.21097 0.001112717
0.2151845 0.001124569
0.227123 0.001126005
0.2392354 0.001103366
0.2426047 0.001095943
0.246299 0.001105299
0.2537127 0.00110228
0.2480022 0.001093435
0.256433 0.001119512
0.249451 0.001122636
0.2582638 0.001115699
0.2397719 0.001147013
0.2265308 0.001133148
0.2159353 0.001100588
0.2111309 0.001112943
0.211028 0.001104804
0.2078989 0.001105177
0.1920017 0.001112095
0.1979152 0.001125565
0.1935617 0.001113432
0.192062 0.00111403
0.1974094 0.001111249
0.2003296 0.001142159
0.1967855 0.001147497
0.2062837 0.001143354
0.2077678 0.001132111
0.2170806 0.001123294
0.2174838 0.001124528
0.2236421 0.00113917
0.2200294 0.001110678
0.2261674 0.001095602
0.2344363 0.001074594
0.2432173 0.001054921
0.2439599 0.001045654
0.2513198 0.001038241
0.254995 0.001039046
0.2487219 0.001046079
0.2596616 0.001044113
0.2791833 0.001027232
0.2812915 0.001029078
0.2643139 0.001049362
0.2703726 0.001049473
0.2766998 0.001025992
0.2759652 0.00104009
0.2719759 0.001072598
0.2669879 0.001069016
0.262624 0.001101849
0.2701663 0.001106471
0.2825156 0.00110531
0.2753253 0.001116362
0.2660876 0.001092783
0.2753534 0.001111901
0.280637 0.001119292
0.2896546 0.001125714
0.3069056 0.001122805
0.3156867 0.001113861
0.3049807 0.001103328
0.2889634 0.00108572
0.2875877 0.001090885
0.2733105 0.001080115
0.2818999 0.001091711
0.2707337 0.001106374
0.2591836 0.001115797
0.2577178 0.001123021
0.2514471 0.001143046
0.251589 0.001137528
0.2490549 0.001132885
0.240135 0.001138956
0.2527128 0.00113711
0.2497132 0.001171107
0.2393586 0.001178618
0.2365963 0.001166115
0.2281633 0.001184895
0.21857 0.001159543
0.2045799 0.001179594
0.2136822 0.001210588
0.2228358 0.001221263
0.2298576 0.001220951
0.2287238 0.001219488
0.2402645 0.001209907
0.2356515 0.001184498
0.2393553 0.001178557
0.2497482 0.001197553
0.2593377 0.001160744
0.2569793 0.001163602
0.247987 0.00116534
0.2545628 0.001129688
0.2532264 0.001118649
0.2450882 0.001109775
0.2585444 0.001115019
0.2629593 0.001092244
0.2654845 0.001057129
0.258742 0.001065727
0.2720612 0.001065845
0.2797231 0.001031848
0.2760738 0.001019083
0.2770874 0.001045105
0.2841814 0.001028675
0.2862988 0.001031033
0.2651142 0.001035492
0.252606 0.001043385
0.2666159 0.001043994
0.255226 0.001039752
0.2606109 0.001046258
0.2587389 0.001043478
0.2461181 0.001060173
0.2578779 0.001054757
0.2650438 0.001077898
0.2667825 0.001087867
0.2587742 0.001084167
0.2466075 0.001113444
0.2428319 0.001122746
0.2403 0.001101224
0.247944 0.001107598
0.2528035 0.00109735
0.2393699 0.001094968
0.2242013 0.001082802
0.2419825 0.001091642
0.259347 0.001081889
0.2600794 0.001066594
0.2567606 0.001071547
0.2461628 0.001080735
0.2564898 0.001089031
0.2426452 0.001100276
0.2199554 0.001100928
0.2223626 0.001101467
0.236667 0.001086344
0.2429687 0.001083471
0.2562729 0.001063642
0.2580482 0.001047216
0.2537791 0.00106166
0.2618442 0.001043756
0.2641662 0.001022755
0.2675593 0.001000487
0.2833296 0.00100213
0.2900899 0.001003636
0.2877423 0.001013283
0.2759906 0.0009957876
0.27956 0.0009829372
0.2978296 0.0009894371
0.3105655 0.0009860724
0.3154112 0.0009975472
0.302773 0.0009761745
0.2933059 0.0009848756
0.2994555 0.0009750484
0.3168914 0.0009775662
0.3082073 0.0009920593
0.3207004 0.001007936
0.3248435 0.001009963
0.3255279 0.001022431
0.3266364 0.001020355
0.3108064 0.001017782
0.3377352 0.001009785
0.3427941 0.001024848
0.339994 0.001044424
0.3349863 0.001024801
0.3181233 0.001022866
0.3259256 0.0009988146
0.3482232 0.001010466
0.3572564 0.0009978885
0.3588892 0.001003942
0.3617956 0.0009890103
0.3504735 0.001001572
0.3428972 0.00100243
0.3449174 0.0009999111
0.3445688 0.0009837336
0.3468261 0.0009781552
0.3483158 0.0009732859
0.3422073 0.0009794328
0.334299 0.0009655359
0.3346182 0.0009586216
0.3402219 0.0009372153
0.332024 0.000936428
0.3234823 0.0009231843
0.327117 0.0009157925
0.3252187 0.0009268363
0.3481435 0.0008996068
0.3599926 0.0008927506
0.3646024 0.0009068382
0.3652295 0.0009085056
0.3639649 0.000919437
0.3627147 0.0009143515
0.3638053 0.0009107895
0.3616904 0.0008905657
0.3702786 0.0008976583
0.3645626 0.0008926004
0.3688912 0.0009033715
0.3564637 0.0009253072
0.3407362 0.0009220168
0.3387747 0.0009394629
0.3453296 0.0009538867
0.3580165 0.000944052
0.343938 0.0009477069
0.3474757 0.000959323
0.3525695 0.0009450665
0.349039 0.0009346296
0.3497569 0.0009064237
0.3447057 0.0008993841
0.3553847 0.0008979361
0.3486315 0.000887586
0.3365373 0.0008922149
0.3396108 0.0008867902
0.3536154 0.0008955868
0.3493619 0.0008884468
0.3303575 0.0008899397
0.3285298 0.0009130529
0.328023 0.0009325865
0.3412368 0.0009390552
0.3353705 0.0009365455
0.320753 0.0009522303
0.3042596 0.0009509827
0.2955126 0.000955882
0.3016561 0.0009493102
0.3041657 0.0009505203
0.3179489 0.0009429662
0.316035 0.0009427196
0.3084085 0.0009186342
0.3017049 0.0009377786
0.3016927 0.0009357115
0.298747 0.0009384883
0.2978548 0.0009205395
0.3024871 0.0008996904
0.290919 0.0009020853
0.3107726 0.0009040804
0.3212782 0.0008824137
0.3237062 0.0008870702
0.3224104 0.0008932635
0.3124803 0.0008815189
0.3217195 0.0008973414
0.3326633 0.0008871737
0.3182116 0.0008773324
0.3199552 0.0008691312
0.3198548 0.0008646924
0.3271367 0.000877682
0.3327501 0.0008780122
0.3368974 0.0008646358
0.3360707 0.0008449376
0.3281269 0.0008475999
0.3157861 0.000842129
0.3007724 0.0008513973
0.3056146 0.0008414884
0.3133501 0.0008554076
0.3119759 0.0008546758
0.3173001 0.0008546808
0.3193288 0.0008401109
0.3130227 0.0008317145
0.3250588 0.0008363246
0.3222948 0.0008271976
0.3476877 0.0008317246
0.3362617 0.0008326346
0.3345743 0.0008519947
0.3518364 0.0008467033
0.3556343 0.0008453227
0.3373498 0.0008377178
0.3312089 0.0008288753
0.3292192 0.0008557197
0.3346709 0.0008733635
0.3220938 0.0008679829
0.3094982 0.0008535254
0.3175543 0.0008346317
0.3170691 0.0008284728
0.3155112 0.0008274457
0.2993754 0.0008353282
0.3041143 0.0008405154
0.3069005 0.0008318193
0.3042316 0.0008441676
0.2925546 0.0008537714
0.2789828 0.0008550054
0.2633839 0.0008564978
0.2727456 0.0008590973
0.2721336 0.0008559631
0.2880373 0.000869053
0.2840579 0.0008809116
0.2767729 0.0008677166
0.2807095 0.0008646285
0.283986 0.0008568506
0.2947968 0.0008459757
0.2912187 0.0008370885
0.2908874 0.0008259256
0.302323 0.0008488332
0.3075557 0.0008419836
0.3041586 0.0008589493
0.299417 0.0008628287
0.296251 0.0008762505
0.2842263 0.0008648288
0.2890516 0.0008776328
0.2931268 0.0008783982
0.3074248 0.0008913761
0.3129278 0.0009091537
0.3033673 0.000891658
0.3039685 0.0008690915
0.2963154 0.0008773471
0.2958881 0.0008805196
0.2904402 0.000885999
0.2831813 0.00089015
0.2842342 0.0008865974
0.2868431 0.0008800192
0.294022 0.0008723818
0.2872772 0.0008760968
0.2916521 0.0008627832
0.2957497 0.0008540187
0.3032531 0.0008751559
0.2965383 0.0008474344
0.2950349 0.0008505375
0.3177384 0.0008515746
0.3130206 0.0008554939
0.3017417 0.0008557579
0.3016036 0.0008622611
0.3086436 0.0008647572
0.3090811 0.0008637524
0.2950737 0.0008643954
0.31342 0.0008773615
0.3046936 0.0008675271
0.2915775 0.0008732018
0.2898504 0.0008874323
0.2910686 0.0008745364
0.2975391 0.0008818663
0.2932584 0.0008731804
0.2857615 0.0008555343
0.2885174 0.0008279055
0.2836592 0.0008283296
0.2775506 0.0008304429
0.2634077 0.0008182659
0.2592396 0.0008353192
0.270462 0.0008478173
0.2669668 0.0008649494
0.2499896 0.0008783327
0.2501164 0.0008700904
0.2427101 0.0008872924
0.2395535 0.0008900438
0.2262759 0.0008933246
0.2144031 0.0008897196
0.2216223 0.0008806179
0.2261724 0.0008885613
0.2203249 0.0008952997
0.2134296 0.0009079442
0.2041272 0.0009044646
0.1992058 0.000892235
0.2130912 0.0008919906
0.2138793 0.0008767187
0.22333 0.0008950409
0.2166342 0.0008818501
0.2178684 0.0008878974
0.2180797 0.0008909441
0.222702 0.0008962332
0.2095831 0.0008926767
0.2041286 0.0008783174
0.2117729 0.0008725439
0.2044252 0.0008648939
0.2026331 0.0008772855
0.2046133 0.0008765136
0.2104597 0.0008673428
0.2134973 0.0008641336
0.2129844 0.0008686119
0.2032415 0.0008752183
0.2191119 0.0008878768
0.2262725 0.0008836642
0.2377412 0.0008951692
0.2281272 0.0009066784
0.2296998 0.0009099421
0.2232864 0.0009307688
0.2274423 0.0009079152
0.2262658 0.0009159145
0.2200774 0.0009187034
0.2228954 0.0009161472
0.2206726 0.0009277109
0.2241149 0.0009280598
0.213971 0.0009385259
0.2154706 0.0009322624
0.2225631 0.0009424712
0.2139472 0.0009262065
0.2153649 0.0009376041
0.2127566 0.0009499741
0.2147274 0.0009409803
0.2188835 0.0009429296
0.2150365 0.0009287113
0.2095603 0.0009299597
0.2033142 0.0009218461
0.2205477 0.0009095992
0.2205959 0.0009295392
0.2282124 0.000932108
0.2263095 0.0009373263
0.2149498 0.0009424713
0.2189333 0.0009338714
0.2136433 0.0009443001
0.2114818 0.0009329594
0.2116988 0.0009207341
0.2095026 0.0009132706
0.2130905 0.0009170184
0.2014196 0.0009359142
0.2082675 0.0009409423
0.1983553 0.0009286669
0.1959497 0.0009346451
0.2061616 0.0009397064
0.2095243 0.0009225587
0.2129855 0.0009109073
0.2232043 0.0009158887
0.2235014 0.0009288296
0.226678 0.0009309073
0.2338927 0.0009429945
0.2308235 0.0009491161
0.2450949 0.0009503086
0.2464552 0.0009531012
0.2350766 0.0009509342
0.2302873 0.0009642719
0.228692 0.0009430708
0.2173498 0.0009412705
0.2254888 0.0009436623
0.2279928 0.0009400635
0.2202771 0.0009385357
0.219329 0.0009242243
0.2215569 0.0009283043
0.2349458 0.0009267543
0.2345427 0.0009203557
0.2405834 0.0009296482
0.2257779 0.0009377576
0.2329164 0.0009426091
0.2277762 0.0009392083
0.2267299 0.0009298787
0.2423089 0.0009458918
0.2326249 0.0009582397
0.2269635 0.0009468468
0.2035617 0.0009491204
0.2084272 0.0009734715
0.2051334 0.0009776983
0.2164285 0.0009557912
0.214724 0.0009496157
0.2082092 0.0009656912
0.2110157 0.0009699825
0.2124476 0.0009730965
0.2088977 0.000969529
0.2184505 0.0009475875
0.2145277 0.0009650801
0.2134662 0.000964824
0.2205319 0.0009531908
0.2098879 0.0009581314
0.2137449 0.0009680278
0.2154327 0.0009650839
0.2177822 0.0009723861
0.2188461 0.0009590259
0.2183904 0.0009494866
0.2325051 0.0009343031
0.2418438 0.0009319372
0.2350844 0.0009261854
0.251968 0.0009129053
0.2607349 0.0009151177
0.2774216 0.0009189992
0.2920537 0.0009188368
0.2936546 0.0009379211
0.2879968 0.0009288068
0.2812446 0.000908561
0.2837998 0.000904408
0.292186 0.0008956812
0.291911 0.0008712785
0.2729566 0.0008657242
0.2688712 0.0008663341
0.2728048 0.0008687789
0.278136 0.0008666354
0.2776433 0.0008752333
0.2759267 0.0008870368
0.2863693 0.0008674301
0.2869704 0.0008714666
0.2812266 0.000872131
0.2994479 0.0008874714
0.2985486 0.0009002195
0.3045016 0.0008779156
0.3067636 0.0008813621
0.3137222 0.0008993901
0.3160151 0.0008969723
0.3077426 0.000895481
0.3110718 0.0009066646
0.3051502 0.0008999055
0.2994134 0.0008915811
0.298723 0.0008928348
0.3104971 0.000905976
0.3003722 0.000905209
0.2937554 0.0008997882
0.3018684 0.0009216434
0.3074832 0.000950188
0.3100633 0.0009649593
0.3231405 0.0009484002
0.3264174 0.0009691808
0.3271465 0.0009737574
0.328613 0.0009631352
0.3268886 0.000963798
0.3162452 0.0009869244
0.3219436 0.0009982414
0.3262829 0.001013387
0.3279584 0.0009978908
0.3283055 0.001008972
0.3220659 0.001005928
0.3114869 0.001003023
0.3011464 0.001011792
0.3121636 0.001009345
0.3092682 0.001018369
0.3267534 0.001024248
0.3195621 0.001026233
0.3422925 0.001029114
0.3481846 0.001043094
0.3526916 0.00101478
0.344039 0.001014459
0.3545335 0.001011323
0.3579198 0.001018134
0.3612353 0.001043104
0.3572312 0.001059592
0.3580043 0.001051224
0.3715958 0.001026576
0.3735578 0.0009838658
0.3535722 0.001007397
0.3538782 0.001024863
0.3564383 0.001010627
0.3555664 0.001012656
0.3536063 0.001017655
0.3404471 0.001020759
0.346566 0.001037798
0.3362319 0.001043534
0.3476293 0.001056872
0.3528834 0.001063024
0.3442181 0.001069221
0.3306384 0.001096833
0.3411666 0.001104043
0.3331672 0.00112254
0.3288188 0.00109577
0.3208536 0.001089123
0.3160317 0.001094989
0.3185795 0.0010944
0.328952 0.001106165
0.3173765 0.001111541
0.3205379 0.00110298
0.3183261 0.001099345
0.333575 0.001081607
0.3312693 0.001061868
0.3353319 0.001055634
0.324751 0.00106122
0.3276768 0.001065337
0.3337945 0.001039562
0.3284721 0.00104879
0.328982 0.001034601
0.3338941 0.001039885
0.3199754 0.001044534
0.3151762 0.0010202
0.3177607 0.001021708
0.3250011 0.001013886
0.3174675 0.001028475
0.3244687 0.001026335
0.3231198 0.001042405
0.3224094 0.001037865
0.3250694 0.001031355
0.3432741 0.001038569
0.3317296 0.001035196
0.3176193 0.001022464
0.3170832 0.001007174
0.316454 0.0009918566
0.2945108 0.001003554
0.3001564 0.001017291
0.3048512 0.0009968951
0.3015738 0.001009905
0.3028184 0.00101336
0.2927448 0.0009949027
0.3050323 0.0009942614
0.3221497 0.0009846255
0.3046814 0.0009873028
0.3038206 0.0009833187
0.3074782 0.0009730338
0.3060318 0.0009689964
0.2997966 0.0009620863
0.3053178 0.0009728794
0.289086 0.0009366729
0.2778829 0.0009333475
0.2711782 0.0009476398
0.2857734 0.0009596809
0.2814654 0.0009516932
0.2874054 0.0009606153
0.2878119 0.0009596598
0.279858 0.0009538423
0.2841614 0.0009428085
0.2900227 0.0009503757
0.2794205 0.000943663
0.2923956 0.0009594532
0.2899964 0.0009491642
0.3005764 0.0009585475
0.2982704 0.0009552558
0.3085252 0.0009554206
0.3161126 0.000944543
0.3119094 0.0009302955
0.3067638 0.0009242767
0.3142002 0.0009465187
0.3143798 0.0009548286
0.3091733 0.0009785726
0.3181626 0.0009790154
0.3191054 0.0009510651
0.3175487 0.0009472424
0.3096199 0.0009675207
0.3077716 0.0009649704
0.3249577 0.0009561888
0.3161487 0.0009779371
0.3065025 0.0009807385
0.3055394 0.0009532593
0.3262887 0.0009445708
0.3172256 0.0009343556
0.3104076 0.000930705
0.3100196 0.0009269968
0.2973046 0.0009438463
0.3164987 0.0009193981
0.3056775 0.0009166418
0.2882182 0.0009212189
0.2963126 0.0009278518
0.3037892 0.0009294958
0.2952794 0.0009465983
0.2960463 0.0009371323
0.2824322 0.0009502804
0.2882132 0.0009525404
0.2838932 0.0009309357
0.2843759 0.0009265731
0.272465 0.0009369065
0.2488586 0.0009260491
0.2578166 0.0009165567
0.2655509 0.0009058404
0.2769491 0.000895645
0.2856913 0.0008999936
0.2796277 0.0008965022
0.290444 0.0008792171
0.28216 0.000891431
0.2689656 0.0009068532
0.2758814 0.0009168079
0.2660318 0.0009291894
0.2562474 0.0009263388
0.2470923 0.0009440169
0.2404649 0.0009381651
0.2376841 0.0009348406
0.2257376 0.0009331366
0.231878 0.0009471674
0.2271408 0.0009401584
0.2383858 0.0009295725
0.2334775 0.0009183329
0.2260193 0.0008990536
0.2318951 0.0008876971
0.2555003 0.0009037442
0.2599932 0.0009058132
0.2561869 0.000890373
0.2669389 0.0008823225
0.2732426 0.0008996111
0.2581471 0.0008883081
0.2549894 0.0009008341
0.2610211 0.0008966743
0.2676543 0.0008954711
0.2648751 0.0009008793
0.2562641 0.0009094035
0.2488211 0.0009149099
0.2470774 0.0009031227
0.2606234 0.0008859809
0.2699565 0.0008911011
0.2698361 0.0009069729
0.2589824 0.0008942248
0.2748094 0.0008954047
0.2779824 0.000884987
0.2800228 0.0008716029
0.2848805 0.0008634995
0.2781926 0.0008542411
0.2704457 0.0008503507
0.268662 0.0008340808
0.2623333 0.0008305443
0.2612442 0.0008503671
0.2660897 0.0008476074
0.2631037 0.0008586607
0.2542951 0.0008527043
0.260465 0.0008568358
0.2718541 0.0008659035
0.2804879 0.0008751196
0.2709379 0.0008715261
0.2700895 0.0008691503
0.2747181 0.0008862452
0.2740854 0.0009011175
0.2771099 0.0008993225
0.2610928 0.0009097329
0.2592485 0.0009068984
0.2653498 0.000913498
0.2682159 0.0009132473
0.2745335 0.0009199874
0.2804122 0.0009171665
0.2679238 0.0009059277
0.2604858 0.0008930657
0.2592346 0.0008840846
0.2572103 0.0009008836
0.270122 0.0008903974
0.2845272 0.0009052447
0.2967951 0.0009060834
0.29437 0.0009036516
0.2925656 0.0009230273
0.2892155 0.0008988567
0.2962979 0.0008821345
0.3052482 0.0008902247
0.3195042 0.0008925824
0.3242854 0.0009033745
0.3146908 0.0008852845
0.3082109 0.0008824862
0.3061755 0.0008833201
0.3199429 0.0008853461
0.312932 0.0008923601
0.3239197 0.0008999057
0.3212418 0.0008966513
0.3224435 0.0008949976
0.332975 0.0009044673
0.3397927 0.0008882792
0.3405689 0.0008831908
0.3285668 0.000885924
0.3156748 0.0008898659
0.3120254 0.0009002937
0.3025674 0.0008940082
0.3015789 0.0008902076
0.3045766 0.0008819435
0.3192975 0.0008759929
0.3232151 0.0008773352
0.3174682 0.0008728108
0.3122312 0.0008841592
0.31835 0.0008723311
0.3140208 0.0008558316
0.3109358 0.0008445247
0.3061557 0.0008432626
0.3158652 0.0008550266
0.3338041 0.0008518388
0.3264247 0.0008467121
0.3143177 0.0008654777
0.3154634 0.0008850511
0.3115279 0.0008800533
0.3092547 0.0008799858
0.3076072 0.0009022704
0.3046229 0.0009013195
0.3046757 0.0009148994
0.3009964 0.0009127846
0.2930055 0.0009157371
0.2895345 0.0009005435
0.3046503 0.0009049234
0.2941793 0.0009059681
0.3033503 0.0008968996
0.2988122 0.0008922259
0.3118167 0.0009118366
0.3126744 0.0009204195
0.3081212 0.0009166415
0.3248614 0.0009056924
0.3303787 0.0009248788
0.3231388 0.0009253504
0.328294 0.0009299069
0.3405109 0.0009215518
0.3433565 0.0009139765
0.3439899 0.0009274496
0.347178 0.0009251868
0.3431294 0.0009099733
0.3235035 0.0008974427
0.3359884 0.0009153704
0.3276432 0.0009202774
0.3257075 0.0009329636
0.3338099 0.0009142509
0.3395682 0.0009085648
0.3444809 0.0009170107
0.3319671 0.0008983266
0.3331193 0.0008787361
0.3389792 0.0008846755
0.3392189 0.0008745053
0.3423265 0.0008538985
0.3420629 0.000855972
0.3384463 0.0008590006
0.3281716 0.0008424212
0.3292898 0.0008443389
0.3274279 0.0008433735
0.3373458 0.0008578699
0.3320566 0.0008543795
0.3628996 0.0008579798
0.35811 0.0008430665
0.3390713 0.0008430217
0.3292559 0.0008358953
0.3300188 0.0008350189
0.35366 0.0008309276
0.3493617 0.000824334
0.3546367 0.000811173
0.3602128 0.0008070824
0.3724645 0.0008004225
0.3746384 0.0008186556
0.3838289 0.000801983
0.4038061 0.0008185358
0.397932 0.0007951219
0.4100752 0.0007893865
0.4112778 0.000795546
0.4277313 0.000783244
0.4168479 0.0007812204
0.4263553 0.0007862576
0.4126911 0.0007765921
0.3988031 0.0007779077
0.3916202 0.0007867822
0.3930255 0.0007974922
0.3972639 0.0007862547
0.4186297 0.0007788379
0.4061947 0.000786793
0.3798526 0.0007849151
0.3683509 0.0007990377
0.358056 0.0008023621
0.3733626 0.0008141089
0.3748746 0.0008068625
0.3740845 0.0008171252
0.3829754 0.0007925096
0.3634747 0.0007875044
0.3717359 0.0007771304
0.3837835 0.0007930369
0.3685312 0.0007962974
0.3693789 0.0008009991
0.3825455 0.0008058606
0.3847695 0.0008114294
0.3866213 0.0008171085
0.3723234 0.0008067716
0.3612465 0.0008069626
0.3618933 0.0008249595
0.3636006 0.0008179796
0.3738288 0.0008059942
0.3683554 0.0008000096
0.3814758 0.0008026741
0.3703674 0.0007966771
0.3792146 0.0008131934
0.3699351 0.0008166542
0.3644963 0.000822555
0.3629675 0.0008226517
0.3638376 0.0008197246
0.3719505 0.0008057358
0.3614775 0.0008152466
0.3662046 0.0008117862
0.3713662 0.000799518
0.3756869 0.0008067967
0.3742064 0.000816282
0.367483 0.000803666
0.3597544 0.0007970366
0.3614675 0.0008121297
0.3672033 0.0008325549
0.3743304 0.0008166373
0.362397 0.0008166438
0.3570928 0.0007993004
0.3573086 0.0008129292
0.3520338 0.0008190247
0.3594613 0.0008366193
0.3629417 0.0008122749
0.3440042 0.0007978783
0.3486166 0.0008039648
0.3480306 0.0008189633
0.3351462 0.0008295444
0.3228156 0.0008375992
0.3412865 0.0008352921
0.3579574 0.0008486306
0.3530253 0.0008397711
0.3489993 0.0008500303
0.3444195 0.0008453676
0.3475963 0.000845876
0.3434007 0.0008656618
0.3243772 0.0008722516
0.327548 0.0008779599
0.311927 0.0008765048
0.3112162 0.0008748621
0.3043752 0.0008776735
0.313641 0.0008839765
0.3139749 0.0009010599
0.3031988 0.0009099541
0.2884126 0.0009219987
0.280465 0.0009231798
0.2771158 0.0009190656
0.288561 0.0009189135
0.2872913 0.0009325766
0.2877254 0.0009442945
0.2755084 0.0009482326
0.2844743 0.0009250729
0.2649962 0.0009201023
0.2603556 0.0008902655
0.2507913 0.000884946
0.2691823 0.0008696902
0.2714991 0.0008642433
0.2730629 0.0008541345
0.267182 0.0008628566
0.2600541 0.0008720354
0.2699587 0.000857857
0.2758828 0.0008437046
0.2709317 0.000842394
0.2725651 0.0008382987
0.2863092 0.0008454738
0.2704606 0.0008410505
0.2644791 0.000866162
0.2760955 0.0008669103
0.2847881 0.0008830282
0.2845212 0.0008969118
0.2883244 0.00090665
0.2880331 0.0008832385
0.289137 0.0008805295
0.2984218 0.0008812373
0.2913552 0.0008722311
0.2974802 0.0008361036
0.2931441 0.0008304366
0.2764582 0.0008437055
0.2821017 0.0008296423
0.2784734 0.0008170893
0.2861917 0.0008095015
0.3016238 0.0008005705
0.3055038 0.000810651
0.3080909 0.000800242
0.3025536 0.0007919174
0.3080625 0.0007820224
0.323827 0.0007945578
0.3149003 0.000792039
0.2954082 0.0007985285
0.2852613 0.0008101634
0.281156 0.0008030775
0.2746215 0.0008106768
0.2820035 0.0008153511
0.2860605 0.0007959713
0.2877071 0.000795126
0.2715588 0.0007958941
0.2807272 0.0007963192
0.2744423 0.0008024547
0.2848489 0.0007933548
0.3005488 0.0007706326
0.3107111 0.0007912503
0.3001886 0.0007894911
0.2903068 0.0007980646
0.3119601 0.0007980491
0.3208854 0.0008023623
0.312687 0.0007975799
0.3056977 0.0008188294
0.318338 0.0008174382
0.3105254 0.0008251567
0.3164978 0.0008138945
0.3132696 0.0008121617
0.3198649 0.0008137043
0.3253279 0.0008018266
0.3275436 0.0007944845
0.3249963 0.0007823079
0.3297134 0.0007698384
0.332616 0.0007817983
0.3426597 0.0007682105
0.3425626 0.0007617851
0.325674 0.0007495661
0.3339982 0.0007530774
0.3512068 0.0007584268
0.3511452 0.000758716
0.3595458 0.0007552317
0.3705348 0.0007655419
0.3596794 0.0007617646
0.3672342 0.0007588727
0.3598961 0.0007658008
0.3472678 0.0007504597
0.3464824 0.0007468887
0.3587055 0.0007508296
0.3701423 0.0007530179
0.3485845 0.0007517791
0.3513326 0.0007546473
0.3355716 0.0007470219
0.3368745 0.0007508733
0.3172377 0.0007652758
0.314406 0.0007563102
0.3295925 0.0007611675
0.3377305 0.0007617701
0.3276877 0.0007661381
0.3134803 0.0007385412
0.3225971 0.0007502622
0.3359785 0.000740172
0.3564575 0.0007355579
0.3604869 0.0007352379
0.3516144 0.0007480463
0.3535935 0.0007541495
0.3560725 0.0007567958
0.3710642 0.0007537617
0.3622615 0.0007391084
0.3629466 0.0007432761
0.3588858 0.0007374976
0.3595559 0.0007396674
0.3608978 0.0007483654
0.3702533 0.0007431126
0.3750973 0.000748307
0.3804158 0.0007493744
0.3727518 0.000737164
0.3777408 0.0007374531
0.3802701 0.000739714
0.3753227 0.0007341016
0.3815888 0.0007306063
0.3851591 0.0007257013
0.3696617 0.0007381532
0.3877986 0.0007480891
0.3915857 0.0007411883
0.3904742 0.0007338178
0.395266 0.0007331855
0.3980481 0.0007309622
0.3966485 0.0007340398
0.4060686 0.0007262271
0.4013154 0.0007227555
0.397165 0.0007218282
0.4074831 0.000700619
0.3995798 0.0007102759
0.3944377 0.0007012741
0.3902807 0.0007089702
0.3732668 0.000710237
0.3799225 0.0007214798
0.3816726 0.0007353575
0.3789708 0.000727502
0.3768898 0.0007327785
0.3820037 0.0007390442
0.3822477 0.0007409963
0.3836204 0.0007530102
0.3607746 0.0007500691
0.3721114 0.0007525032
0.3776325 0.0007701684
0.3926147 0.000775021
0.386547 0.0007654344
0.385737 0.0007661496
0.4020842 0.0007672868
0.4005929 0.0007611738
0.3958812 0.0007592878
0.3908083 0.000765572
0.389696 0.0007413701
0.3904929 0.0007331725
0.3980715 0.0007220503
0.4053779 0.0007164431
0.3980073 0.0007044467
0.3892201 0.000716283
0.3758739 0.0007106036
0.3883808 0.0007004271
0.3976759 0.0007016643
0.3976421 0.0007002181
0.4133058 0.0007056389
0.4203381 0.0006961854
0.4149736 0.0007019892
0.4033572 0.0006877068
0.4024198 0.0006815787
0.4154249 0.0006970808
0.4165428 0.0006964368
0.4333663 0.0006869691
0.4266228 0.000694226
0.4269883 0.0006987009
0.4217909 0.0006904738
0.4353776 0.0006907128
0.4278851 0.000682315
0.4258896 0.0006849467
0.4102407 0.0006850524
0.4038452 0.0006931126
0.3873788 0.0006980391
0.3763119 0.0006828056
0.3910145 0.0006847935
0.4066831 0.0006825404
0.4036605 0.0006818984
0.3900451 0.0006772819
0.3915739 0.0006796267
0.3952922 0.0006706852
0.3995237 0.0006709263
0.4105424 0.0006795241
0.4175809 0.0006542008
0.4156511 0.0006589011
0.4189639 0.0006468914
0.4293559 0.0006509965
0.421489 0.0006543798
0.4110132 0.000652731
0.4248812 0.0006565757
0.4214889 0.0006665402
0.4185855 0.0006798232
0.4252402 0.0006796246
0.4421412 0.0006746498
0.4601294 0.0006550406
0.4573125 0.0006528033
0.4497477 0.0006507657
0.460559 0.000641585
0.467669 0.0006472776
0.4647222 0.0006555791
0.4469761 0.0006479665
0.4633519 0.000652992
0.440863 0.0006409837
0.4331412 0.0006336894
0.4342646 0.0006414587
0.4479336 0.0006422821
0.4557114 0.0006469675
0.4591663 0.0006445428
0.4559717 0.0006454167
0.4575747 0.0006565846
0.4517857 0.0006659392
0.4477622 0.000662956
0.4444049 0.0006694084
0.4460647 0.0006564314
0.4340072 0.0006571721
0.4211744 0.0006473497
0.4157092 0.0006449828
0.4308338 0.0006299694
0.4294923 0.000628737
0.4466634 0.0006339376
0.4568352 0.000631386
0.4548672 0.0006437577
0.452453 0.0006432759
0.4482648 0.0006359836
0.4373962 0.0006401734
0.4312281 0.0006552012
0.4178853 0.0006504569
0.4300739 0.0006465445
0.4348333 0.0006614339
0.4201169 0.000658183
0.4138766 0.0006556705
0.410249 0.0006566956
0.4148631 0.0006581761
0.4224003 0.0006657511
0.4293869 0.0006635817
0.4327297 0.0006719653
0.4327482 0.0006614131
0.4131815 0.0006752944
0.4091534 0.0006761358
0.4161646 0.000669766
0.4210476 0.0006604825
0.4114569 0.0006780295
0.4109733 0.0006841498
0.4171596 0.0006693712
0.4150367 0.0006721879
0.4362264 0.0006594456
0.4262283 0.000673768
0.4271201 0.0006636358
0.4389068 0.0006701884
0.4419948 0.0006605072
0.4357723 0.0006528457
0.4390078 0.000654412
0.4377308 0.0006613105
0.448071 0.0006710289
0.4483851 0.0006786875
0.4549604 0.0006760378
0.4573497 0.0006797812
0.4749329 0.0006862186
0.4786199 0.000687244
0.4751617 0.0006739657
0.4941296 0.0006760242
0.4885241 0.0006663563
0.4962031 0.0006520023
0.5116852 0.000642516
0.5104876 0.0006468509
0.4896527 0.0006541039
0.4951547 0.0006525969
0.4901055 0.0006513796
0.5040403 0.0006586088
0.5092594 0.00065529
0.5153385 0.0006498147
0.518151 0.0006552032
0.5111602 0.0006495149
0.5143578 0.0006500657
0.5063414 0.00063286
0.4944992 0.0006292433
0.5052378 0.0006209543
0.5015866 0.0006209592
0.5131566 0.0006090769
0.5000774 0.0005956166
0.4886175 0.0005962359
0.4976115 0.0006062626
0.4974266 0.000600242
0.4980222 0.0005934558
0.4954182 0.0005958441
0.4987851 0.0005916893
0.4737387 0.0005903499
0.4719697 0.0005934202
0.4673404 0.0005996542
0.4613246 0.0006034598
0.4709269 0.000613499
0.4789946 0.0006127554
0.5007126 0.0006120748
0.5032233 0.0006024286
0.5161595 0.0006045282
0.5133172 0.0005963752
0.4979194 0.0006007776
0.5234676 0.0006024336
0.5106054 0.0006006673
0.515846 0.0006144001
0.528903 0.0006231031
0.5353289 0.0006176577
0.5273224 0.0006204594
0.5352958 0.0006363364
0.5149588 0.0006359664
0.514865 0.0006446817
0.5291998 0.0006537115
0.5197097 0.0006605399
0.5066499 0.0006471208
0.51884 0.0006407535
0.5060334 0.0006348275
0.504111 0.0006329645
0.4934867 0.0006336139
0.4679736 0.0006284706
0.4727654 0.000618411
0.4650383 0.0006150508
0.4704702 0.0006190732
0.4728884 0.0006149112
0.4695925 0.0006086827
0.4746492 0.0005938984
0.4691834 0.0005821362
0.4698924 0.000573363
0.4767824 0.0005863024
0.4636844 0.0005916925
0.4492099 0.0005841805
0.4340761 0.0005825907
0.4442526 0.0005792862
0.4358894 0.0005933701
0.44593 0.0005931197
0.4360757 0.0005947509
0.4478615 0.000593147
0.4399585 0.0005878457
0.4400317 0.0005963325
0.4567218 0.0005955103
0.4506616 0.0006013317
0.45478 0.0005988756
0.4712454 0.0005993505
0.4523449 0.0006089625
0.4556917 0.000600589
0.4611812 0.0006186345
0.4512827 0.000627933
0.4688894 0.0006424817
0.4771002 0.0006452111
0.5008979 0.0006438123
0.4890156 0.000638109
0.4926835 0.0006311316
0.5005449 0.000627021
0.5013374 0.0006109103
0.4932232 0.0006047725
0.4695844 0.0006101085
0.454328 0.0006110324
0.4357754 0.0006172097
0.4215262 0.00062668
0.4337168 0.0006271168
0.4510276 0.0006362526
0.4650486 0.00063104
0.4591435 0.0006382013
0.4637797 0.0006332158
0.4466839 0.0006379014
0.4528857 0.0006353035
0.4629724 0.0006317049
0.477633 0.0006213636
0.4852082 0.0006230851
0.470348 0.0006295784
0.4840869 0.0006195894
0.4694081 0.0006143149
0.467867 0.0006202204
0.4783211 0.0006186812
0.4750853 0.0006295612
0.4900306 0.0006315051
0.464242 0.0006301672
0.465548 0.0006358894
0.4749413 0.0006387958
0.4708421 0.000640729
0.4654839 0.0006465908
0.4676918 0.000647798
0.4554611 0.0006355306
0.4484873 0.0006395539
0.4339908 0.0006516924
0.4181896 0.0006479159
0.4267557 0.0006386573
0.4113513 0.0006358942
0.4173761 0.0006325191
0.411765 0.0006372015
0.4067379 0.0006408675
0.4003389 0.0006487019
0.3986141 0.0006415182
0.4009124 0.0006482136
0.403172 0.0006413058
0.3914772 0.0006364977
0.3747756 0.000644444
0.3754796 0.0006413265
0.3832991 0.0006302864
0.3614167 0.0006339103
0.3626975 0.0006330645
0.367054 0.0006398029
0.36087 0.0006319899
0.3533358 0.000643687
0.3380486 0.0006352742
0.3480234 0.0006468898
0.3459356 0.000632086
0.3640821 0.0006290696
0.3781852 0.000617277
0.3720177 0.0006171082
0.3659002 0.0006197283
0.3647219 0.0006166477
0.3728194 0.0006227935
0.3734556 0.0006172237
0.3633609 0.0006096319
0.3654172 0.0006022142
0.3627898 0.0006111986
0.3662845 0.0006201966
0.3677956 0.0006242436
0.373693 0.0006302905
0.3844319 0.0006465574
0.3825758 0.0006351437
0.3779222 0.0006424387
0.3980507 0.0006440822
0.4059573 0.0006452694
0.4201894 0.0006442673
0.4159618 0.0006373402
0.4045915 0.0006292871
0.4089132 0.0006265498
0.406123 0.0006280956
0.4068381 0.000635384
0.4066663 0.0006254693
0.4005111 0.000623659
0.3921711 0.0006348468
0.3925867 0.0006323561
0.4118773 0.0006257082
0.4155036 0.0006123964
0.4108676 0.0005993879
0.4157216 0.0005990854
0.4153581 0.0005905299
0.403591 0.0005843898
0.4058825 0.0005904276
0.412572 0.0005867243
0.4131516 0.0005842066
0.4272411 0.0005819616
0.437967 0.0005865244
0.4316676 0.000585713
0.43228 0.000575872
0.4357451 0.0005627277
0.4276858 0.0005580477
0.4270205 0.0005564745
0.415006 0.0005525249
0.4155962 0.000551842
0.4054343 0.0005642432
0.395071 0.0005692515
0.3836966 0.0005623701
0.3826957 0.000575868
0.3907819 0.0005681213
0.3939352 0.0005672083
0.407138 0.0005572753
0.3885727 0.0005596142
0.3965862 0.0005566553
0.4057513 0.000547653
0.4028662 0.0005461315
0.3986448 0.0005502111
0.3922806 0.0005527896
0.3965771 0.0005558669
0.4119666 0.0005575101
0.4201511 0.000546775
0.4348112 0.0005389795
0.4300143 0.0005403074
0.4357002 0.0005444403
0.4423822 0.0005400365
0.44375 0.0005517058
0.4374587 0.0005622361
0.4373842 0.0005474543
0.4448555 0.000553488
0.4440799 0.000567839
0.4530934 0.0005699506
0.4598566 0.0005623539
0.4436997 0.0005580479
0.442358 0.0005516904
0.4340729 0.0005519529
0.431137 0.0005516395
0.4255917 0.000551538
0.4361048 0.0005596698
0.4355794 0.0005622615
0.4261039 0.0005715554
0.4233294 0.0005611577
0.417695 0.0005597987
0.413219 0.000549339
0.4200402 0.0005533426
0.42157 0.0005500317
0.4077871 0.000551624
0.4025725 0.0005496098
0.3905943 0.0005499497
0.4029967 0.0005579816
0.4118533 0.0005524912
0.4129926 0.0005415481
0.4139055 0.0005491373
0.4083416 0.0005544123
0.4217247 0.0005526356
0.4194376 0.000560012
0.429338 0.000551789
0.4225746 0.0005546191
0.4270926 0.0005566037
0.4310868 0.00055858
0.4265487 0.0005405721
0.4305244 0.0005461037
0.4291506 0.0005392916
0.4329844 0.0005415575
0.4426528 0.0005411613
0.4573302 0.0005346447
0.4597703 0.00053331
0.4557117 0.000533269
0.4375856 0.000529593
0.4523727 0.0005299558
0.4537985 0.0005278013
0.4422834 0.0005251492
0.4318859 0.0005332934
0.4251056 0.0005371865
0.4194305 0.0005403731
0.4155777 0.0005401118
0.3949886 0.0005337548
0.3923386 0.0005383708
0.3898395 0.0005459431
0.3850996 0.0005415615
0.3822726 0.0005456382
0.3849596 0.0005394404
0.3830921 0.0005424894
0.3686998 0.0005424368
0.3794862 0.0005380518
0.3760894 0.0005445579
0.3796991 0.000541578
0.3840685 0.0005448929
0.4006428 0.0005574432
0.4082826 0.0005515964
0.4139197 0.0005528066
0.4119857 0.000560308
0.4095945 0.0005477166
0.4075367 0.0005585013
0.4259063 0.000553986
0.434259 0.000542912
0.439028 0.0005431266
0.4178203 0.0005419152
0.4279146 0.0005434358
0.4243534 0.0005441312
0.4106182 0.0005494301
0.4187519 0.0005435704
0.4063227 0.0005432051
0.4204349 0.0005393711
0.425488 0.0005351452
0.4339576 0.0005222286
0.4334217 0.0005255946
0.4399526 0.0005185024
0.465412 0.0005245177
0.4713084 0.0005342581
0.4831753 0.0005238544
0.4769632 0.0005181711
0.4818477 0.000523932
0.4725832 0.0005245815
0.4693637 0.0005143795
0.4662444 0.0005250204
0.4783745 0.0005206124
0.4857578 0.0005263434
0.4859268 0.0005440222
0.494777 0.0005515203
0.4894279 0.0005436267
0.476292 0.0005455243
0.4626222 0.0005534859
0.4539811 0.00055161
0.4673865 0.0005560556
0.4664241 0.000543535
0.488741 0.0005580452
0.4839905 0.0005531959
0.4801783 0.0005439918
0.4803435 0.0005550006
0.4693109 0.0005495499
0.479769 0.0005497192
0.4672841 0.0005427945
0.4667448 0.000549574
0.4744358 0.00055489
0.4775798 0.0005458318
0.4816165 0.0005469083
0.4647237 0.0005521534
0.4631893 0.0005508834
0.4484873 0.0005569346
0.4549711 0.0005601906
0.4578503 0.0005633921
0.4523734 0.0005719198
0.4440505 0.0005724836
0.4420755 0.0005797001
0.4344402 0.0005705181
0.4364099 0.0005677006
0.4344695 0.0005726203
0.4451049 0.000575118
0.4237018 0.0005720234
0.4372436 0.0005851008
0.4236458 0.0005887594
0.4299707 0.0005922593
0.4274947 0.0005937306
0.4175597 0.000587787
0.4143085 0.0005821645
0.417553 0.0005810089
0.4123191 0.0005758423
0.4101705 0.0005818887
0.4011944 0.0005785656
0.4052813 0.0005736517
0.4283068 0.0005694749
0.4138726 0.000579573
0.4120856 0.0005757689
0.4042627 0.0005694319
0.3967203 0.0005641882
0.3956044 0.0005589053
0.4042346 0.0005605586
0.4035598 0.0005597075
0.3920474 0.0005562486
0.3887433 0.0005581143
0.3956764 0.0005507143
0.3934686 0.0005542674
0.3829128 0.0005524099
0.3991946 0.0005487366
0.4076816 0.0005488507
0.3939919 0.0005526751
0.4014447 0.0005600509
0.3959705 0.0005685375
0.4050492 0.0005713509
0.4076657 0.0005682463
0.3824784 0.0005780622
0.3681868 0.0005851771
0.3688153 0.0005760526
0.3761464 0.0005802237
0.3874467 0.0005790657
0.4088313 0.0005696135
0.4005595 0.0005643293
0.3998763 0.0005594756
0.3925882 0.000565045
0.3945107 0.0005539513
0.4074176 0.0005533418
0.4183378 0.0005555218
0.4187031 0.0005480957
0.4068815 0.000537869
0.404971 0.0005378492
0.4149722 0.0005359432
0.4099468 0.0005370518
0.4102678 0.0005489288
0.3927571 0.0005523922
0.4073152 0.0005596828
0.3974193 0.0005477059
0.4051464 0.0005465963
0.415922 0.0005568861
0.4043847 0.0005554641
0.4138486 0.0005472949
0.4071805 0.0005439126
0.3781754 0.0005434939
0.3773039 0.0005405029
0.3804053 0.0005460447
0.3804646 0.0005485718
0.3997107 0.0005461595
0.3988056 0.0005438451
0.4011393 0.0005428517
0.3939278 0.0005500662
0.382365 0.0005418927
0.3693446 0.0005609884
0.3785788 0.0005585328
0.3734015 0.0005647854
0.3904845 0.000571702
0.3876227 0.000573276
0.3862267 0.0005764694
0.3811817 0.0005806926
0.3933989 0.0005779153
0.3996328 0.0005825187
0.3917687 0.0005761042
0.4085996 0.0005661847
0.3881472 0.0005573126
0.3995263 0.000561437
0.3916744 0.0005646242
0.395895 0.000552679
0.372488 0.0005538725
0.3934865 0.000555879
0.3931522 0.0005534427
0.3752957 0.0005546631
0.3837007 0.0005471398
0.3875704 0.0005329506
0.3980901 0.0005269591
0.4067484 0.0005289847
0.4193567 0.0005239624
0.4295524 0.0005220672
0.4252928 0.0005255481
0.4151034 0.0005281303
0.420331 0.0005359196
0.416814 0.000532831
0.4122281 0.0005397308
0.4232252 0.0005299415
0.4152636 0.0005278082
0.4154097 0.0005281248
0.4184631 0.0005189503
0.4199426 0.0005210147
0.4374808 0.0005187328
0.4520631 0.0005152241
0.4594386 0.0005249534
0.478057 0.0005234016
0.4640259 0.0005339391
0.4689297 0.0005401419
0.4670715 0.0005339691
0.4632936 0.0005347135
0.480051 0.0005353396
0.4746065 0.0005292042
0.4883215 0.0005202192
0.4887543 0.0005300462
0.4748049 0.0005288013
0.449393 0.0005261524
0.4677761 0.0005169894
0.4491097 0.0005286788
0.443517 0.0005281864
0.4394602 0.0005298835
0.424174 0.0005359171
0.427142 0.0005316767
0.4122746 0.0005281367
0.416049 0.0005304883
0.4175656 0.0005553155
0.4211961 0.0005426352
0.4119263 0.0005478643
0.4148032 0.0005363788
0.4138181 0.0005292844
0.3875796 0.00052751
0.4065553 0.0005307314
0.4211874 0.0005438943
0.4201321 0.0005315926
0.4375246 0.0005287957
0.4410472 0.0005196043
0.4247768 0.0005102897
0.4284299 0.0005109832
0.4317845 0.0005137987
0.4328395 0.0005099623
0.4472807 0.0005106703
0.4401435 0.0005149856
0.437765 0.0005168657
0.4359282 0.0005166195
0.4235244 0.0005190667
0.414035 0.0005077655
0.4181616 0.0005033744
0.4364423 0.000512762
0.454219 0.0005270329
0.4520526 0.0005291606
0.4547058 0.0005339291
0.4644514 0.0005272341
0.4747712 0.0005227528
0.4708092 0.0005198633
0.4659644 0.000525976
0.4764254 0.000516002
0.4675145 0.0005260817
0.4470814 0.0005283118
0.4423682 0.0005158033
0.4215886 0.0005214507
0.4171792 0.0005159251
0.4121899 0.0005219434
0.4099632 0.0005230831
0.4176777 0.0005291818
0.4111974 0.0005251899
0.4191514 0.0005279658
0.4342857 0.0005139853
0.439408 0.0005166345
0.4355365 0.0005052323
0.4385393 0.000509379
0.439312 0.0005089036
0.4408667 0.0005100441
0.4498474 0.0005055955
0.4669077 0.0004969039
0.4568532 0.0004935792
0.4568107 0.0004870812
0.4567173 0.0004960914
0.4623613 0.0004897199
0.4700613 0.0004982097
0.4732633 0.0005022281
0.4538197 0.0005076116
0.4511503 0.0005089307
0.4366763 0.0005048015
0.4404902 0.0005058164
0.4193593 0.0005034677
0.4210633 0.0005166345
0.4205106 0.0005308091
0.4233328 0.0005234352
0.4359329 0.0005346823
0.4303551 0.0005320996
0.441803 0.000540435
0.4457886 0.0005450292
0.4430771 0.0005463064
0.4653381 0.000550545
0.4769243 0.0005370313
0.4770266 0.0005427967
0.4547766 0.0005470568
0.4603998 0.0005476583
0.4464117 0.0005529545
0.4503252 0.0005545274
0.4323526 0.0005633365
0.4101691 0.0005699601
0.401807 0.0005708571
0.3994532 0.0005811829
0.4012351 0.0005757772
0.3981902 0.0005765283
0.3787321 0.0005803993
0.3701355 0.0005755295
0.3789375 0.000580297
0.3920378 0.0005900793
0.4014708 0.0005827758
0.4049423 0.0005817974
0.4121675 0.0005917797
0.4075079 0.0005849387
0.41448 0.0005809275
0.4215437 0.0005765321
0.4276529 0.0005858202
0.4280226 0.0005862213
0.426168 0.0005766677
0.4374757 0.0005708499
0.4288632 0.0005698368
0.4080345 0.0005692981
0.404613 0.0005667066
0.3983075 0.0005601639
0.3966782 0.0005634562
0.4002089 0.0005625013
0.4030882 0.0005639953
0.4071553 0.0005743682
0.4103998 0.0005767833
0.4043057 0.0005808087
0.4125807 0.0005884549
0.4177052 0.0005913864
0.4082226 0.0006017817
0.3929988 0.000616092
0.3905005 0.0006059212
0.3853791 0.0006105429
0.4153924 0.0006109058
0.4086375 0.0006164285
0.4132367 0.0006063549
0.4236419 0.0006040164
0.4096973 0.0006014523
0.4046762 0.0006137573
0.4023644 0.0006009766
0.3960501 0.0006135388
0.4103816 0.0006112911
0.4060369 0.0006128361
0.4018656 0.0006169779
0.3988451 0.0006129774
0.3923047 0.0006147657
0.3916064 0.0006236037
0.3873425 0.0006186691
0.3959003 0.0006241693
0.3923428 0.0006218384
0.4101436 0.0006199926
0.4160623 0.0006056893
0.4200228 0.0006026147
0.4342331 0.0005938428
0.4444333 0.0005959712
0.4290831 0.0006020169
0.4266804 0.0006006535
0.4156008 0.0006014641
0.4099277 0.0006022001
0.4199847 0.0006079291
0.4238472 0.0006188459
0.4236171 0.0006201726
0.4173349 0.0006189567
0.4132748 0.0006199418
0.4040441 0.0006128393
0.4044151 0.0006074553
0.4093666 0.0006046059
0.3875541 0.000599836
0.3903359 0.0006099351
0.3884764 0.0006163685
0.3738406 0.000626022
0.3724313 0.0006254782
0.3820252 0.0006080899
0.3589794 0.0006155561
0.3551724 0.0006272738
0.3630856 0.0006387969
0.3614898 0.0006323059
0.3716012 0.0006223001
0.3672659 0.000620336
0.3622085 0.0006142162
0.3573395 0.0006188169
0.3395349 0.0006173339
0.3305979 0.0006256637
0.3307798 0.0006255037
0.3277684 0.000620688
0.3274222 0.0006130658
0.3183785 0.0006125911
0.3156263 0.0006183362
0.3197092 0.000617758
0.3168457 0.0006104202
0.3142555 0.0006064996
0.3190664 0.0005940648
0.328006 0.000589123
0.325915 0.0005945694
0.3256803 0.000596053
0.3123084 0.000596392
0.3123464 0.0005974905
0.3264538 0.0005941195
0.3257395 0.0006064571
0.3299322 0.0006087234
0.3311713 0.0006135933
0.3323876 0.0006278638
0.3279889 0.0006190385
0.3412066 0.0006233507
0.3373146 0.0006208815
0.3433838 0.0006120356
0.3636585 0.0005980728
0.3494425 0.0006064487
0.3512728 0.0005894153
0.3644616 0.0005892946
0.3660234 0.0005841273
0.3724725 0.0005733138
0.3579519 0.0005563746
0.3662684 0.0005693019
0.3570629 0.0005764504
0.3575995 0.0005953859
0.3461893 0.0006091458
0.3409413 0.0006198342
0.331685 0.0006199236
0.334498 0.0006119057
0.3456011 0.0006300643
0.3460878 0.0006149474
0.3399632 0.0006042041
0.3514862 0.0006157134
0.359709 0.0006180597
0.3604632 0.0006177125
0.3584421 0.0006339097
0.3626133 0.0006354869
0.3747213 0.0006378628
0.3678864 0.0006308596
0.3744739 0.0006312712
0.3887984 0.0006218642
0.3759567 0.0006275101
0.3546181 0.0006223845
0.3448317 0.0006320714
0.3535944 0.0006329682
0.3459243 0.0006202475
0.3586807 0.0006246375
0.3593859 0.0006313352
0.3584358 0.0006206041
0.3679681 0.0006182912
0.3690205 0.000623382
0.3850344 0.0006315051
0.3706648 0.0006405766
0.3851547 0.0006323705
0.3717419 0.0006212003
0.3791636 0.000636726
0.3818685 0.0006410944
0.376573 0.0006423248
0.3772291 0.0006472938
0.3830688 0.0006536355
0.3792979 0.0006586344
0.3763506 0.0006644798
0.3636374 0.0006688303
0.3623949 0.0006664739
0.3639342 0.0006705454
0.3601707 0.0006711732
0.3597944 0.0006644663
0.3503985 0.0006746961
0.3446549 0.0006803027
0.3407593 0.0006730435
0.344188 0.0006804765
0.338038 0.0006831871
0.3277531 0.0006830535
0.334932 0.0006800315
0.3294406 0.0006776452
0.3280797 0.0006764443
0.3350275 0.0006718802
0.3252371 0.0006844066
0.3313243 0.0006910724
0.3339311 0.0006879315
0.3227267 0.0007025655
0.3218553 0.0007049635
0.3056091 0.0007195877
0.3022565 0.0007036698
0.2964535 0.0007023036
0.2933612 0.0007098581
0.2846809 0.0006984179
0.2848605 0.0006870863
0.2807133 0.0007064489
0.2684841 0.0007012665
0.2843324 0.0006973974
0.2849793 0.0007000476
0.288814 0.0007084444
0.2968773 0.0007026063
0.3036318 0.0006996354
0.2992164 0.0006816961
0.3038029 0.0006731631
0.3095326 0.000680715
0.3149477 0.0006831304
0.3211508 0.0006762997
0.3260759 0.000675336
0.3256155 0.0006918018
0.2844702 0.0006930973
0.2974091 0.00068122
0.3023458 0.0006675787
0.2880717 0.0006717849
0.2873693 0.0006782734
0.3022213 0.0006842953
0.3108292 0.0006654504
0.2918486 0.0006697437
0.2942249 0.0006696845
0.2914852 0.0006896001
0.2829164 0.0006762962
0.2910226 0.0006768037
0.2874902 0.0006621363
0.2990072 0.0006633297
0.3003208 0.0006674511
0.3322615 0.0006677422
0.3350659 0.0006583101
0.3400583 0.0006561087
0.3216193 0.0006558141
0.3251971 0.0006492521
0.3154185 0.0006405875
0.3117084 0.0006403994
0.3033251 0.0006492666
0.290922 0.0006565721
0.2892088 0.0006564261
0.278822 0.0006669854
0.2844382 0.000661973
0.2917975 0.0006749533
0.2992594 0.0006824832
0.3053778 0.0006826848
0.3156634 0.0006909135
0.3209368 0.0006849728
0.3171207 0.0006723481
0.3274948 0.0006760035
0.3255745 0.0006712122
0.330471 0.0006743665
0.3458063 0.00068455
0.3412873 0.000687043
0.3554416 0.0006762264
0.3591885 0.0006625569
0.3549753 0.0006704835
0.352848 0.0006716901
0.3611355 0.0006898624
0.3699449 0.0006752113
0.3776556 0.0006944928
0.3748738 0.0006984799
0.3828107 0.0006863798
0.3857179 0.0006964295
0.3858475 0.0007053932
0.3844796 0.0007021109
0.3736134 0.0007095604
0.3705391 0.0007179129
0.3719389 0.0007205122
0.3758098 0.0007253773
0.3749957 0.0007192165
0.3727255 0.0007168559
0.3851033 0.0007159659
0.3701474 0.000724763
0.3645592 0.0007159636
0.3839451 0.0007113391
0.3981611 0.0006951289
0.4070224 0.0006876999
0.4090028 0.0006883708
0.3969559 0.0006950029
0.3914882 0.0006994049
0.3914671 0.0006945139
0.3848997 0.0006803657
0.3726154 0.0006825738
0.4000507 0.0006782336
0.3928015 0.0006821356
0.3868325 0.000675064
0.3932519 0.0006632622
0.4003041 0.0006570525
0.3956341 0.0006463677
0.4038148 0.0006558547
0.4083248 0.0006515362
0.4045179 0.0006498565
0.3833168 0.0006436051
0.3771218 0.0006463347
0.3731276 0.0006539169
0.3905161 0.0006513598
0.3823155 0.0006669572
0.3893827 0.0006702656
0.3838186 0.0006787153
0.3791567 0.0006813616
0.3822595 0.0006993051
0.3829714 0.0007031643
0.3666925 0.0006858595
0.3676048 0.0006832708
0.3762066 0.0006872714
0.3850474 0.000679076
0.3731459 0.0006855966
0.3927751 0.0006881223
0.3869426 0.0006939268
0.3807885 0.0006983751
0.3740732 0.0006955048
0.3717636 0.0006928227
0.3532655 0.000701072
0.3537398 0.0007158499
0.3632312 0.0007245882
0.3613822 0.0007324301
0.3535609 0.0007427545
0.3468477 0.0007518025
0.352446 0.0007597063
0.3654074 0.0007711846
0.3732888 0.0007789367
0.3758969 0.0007866648
0.363383 0.0007714751
0.3646733 0.0007799113
0.351117 0.00077263
0.345647 0.0007571628
0.3609199 0.0007500841
0.3720303 0.0007500885
0.374748 0.0007411052
0.3780488 0.0007331068
0.375311 0.0007375794
0.3949344 0.0007390317
0.4015774 0.0007354576
0.3936244 0.0007183105
0.3854062 0.0007230092
0.3854256 0.0007126393
0.3849697 0.0007168322
0.3781938 0.0007158623
0.3954598 0.0007256546
0.3893614 0.0007326361
0.3781183 0.0007093193
0.3712648 0.0007036377
0.3688361 0.0006967928
0.3607195 0.0007119263
0.3640109 0.0006971974
0.3706641 0.0006876477
0.3690089 0.0006921023
0.3590806 0.0006947729
0.3654411 0.0006897807
0.3750311 0.0007017386
0.3607042 0.0006944524
0.358727 0.0006945168
0.3536575 0.0007006262
0.3547745 0.0007015944
0.3599072 0.0007008447
0.3673013 0.0006976657
0.360903 0.0007013318
0.3572849 0.0007043687
0.3677213 0.0006979883
0.3733244 0.0006942514
0.3937307 0.0006882713
0.3851218 0.0006924126
0.3797138 0.0006877312
0.3859173 0.000688038
0.38564 0.0006785078
0.3885134 0.0006777289
0.3687826 0.0006937254
0.3688532 0.0007029126
0.3612172 0.0007081793
0.3526539 0.0007076378
0.3543362 0.0007137394
0.3394898 0.000710405
0.3406285 0.0007149087
0.3410505 0.0007184333
0.3380233 0.0007295193
0.3511783 0.0007284108
0.3415808 0.0007160505
0.3552989 0.0007116632
0.3462601 0.0007172384
0.3610523 0.0007177707
0.3402719 0.0007149184
0.3374589 0.0007119565
0.3485116 0.0007136366
0.3537201 0.0007206744
0.3513714 0.000729779
0.3657626 0.0007232397
0.360854 0.0007151184
0.3603729 0.0007008834
0.3552008 0.0006986706
0.3763735 0.000699116
0.3728875 0.0007025352
0.3607014 0.0007054916
0.3517937 0.0007090841
0.3633896 0.0007216256
0.356087 0.0007305665
0.3640818 0.0007297561
0.3639232 0.0007333618
0.3502816 0.0007172341
0.3477608 0.0007216928
0.3582995 0.0007385864
0.3379386 0.0007423431
0.3395069 0.000730737
0.3411571 0.0007333003
0.347531 0.0007267606
0.3389464 0.000722529
0.3378133 0.0007391053
0.3408453 0.0007561382
0.3678968 0.0007613601
0.3515167 0.0007690239
0.3472718 0.0007710643
0.3436559 0.0007837773
0.3397993 0.0007988763
0.3440496 0.0007845157
0.3527923 0.0007880426
0.3560262 0.0007948716
0.3584179 0.0007957469
0.3439905 0.0008042755
0.3485784 0.0008123745
0.3501459 0.0008224516
0.3322881 0.0008271894
0.3404424 0.0008239004
0.3180523 0.0008232152
0.3343075 0.0008131548
0.3477466 0.0008080731
0.3457426 0.0008130852
0.3475299 0.0007962554
0.3321479 0.0007928974
0.3195209 0.0007924533
0.3129913 0.00078861
0.3035611 0.0007841711
0.3040669 0.0007974848
0.3078198 0.0007907324
0.3048943 0.0008064242
0.3181401 0.0008023103
0.3252345 0.0007994568
0.3260694 0.0008001006
0.3218699 0.0007985894
0.3279043 0.000806288
0.3409368 0.0008025607
0.3414727 0.0008062943
0.3433531 0.0007955434
0.3385379 0.0008184748
0.3233855 0.0008126378
0.3266405 0.0008095672
0.3345139 0.0008058344
0.3491411 0.000798737
0.3318248 0.0008055655
0.3387799 0.0008010822
0.3388426 0.0007910067
0.3260623 0.0007770972
0.3309575 0.0007706269
0.3265513 0.0007891268
0.3273684 0.0008089324
0.3282843 0.0008129091
0.3321937 0.0008090653
0.3274633 0.000809747
0.3327304 0.0008193762
0.3375256 0.0008004651
0.3341455 0.0008006799
0.3316622 0.0007959126
0.3199549 0.0007884885
0.325461 0.0007784786
0.3125671 0.0007654768
0.3180906 0.0007699228
0.3024335 0.0007765902
0.2956274 0.0007691321
0.2880409 0.0007607643
0.3001904 0.0007629104
0.2974643 0.0007820287
0.2889557 0.000771601
0.2908469 0.0007818167
0.2976986 0.0007840679
0.3005186 0.0007917335
0.3007222 0.0008042284
0.2954123 0.0008105616
0.3067681 0.0008052297
0.2892361 0.0007880701
0.2958001 0.0007941922
0.2866329 0.0007884556
0.2967277 0.0008077344
0.2967975 0.0008088839
0.2828452 0.0008132134
0.2676565 0.0008097221
0.2728872 0.0008159195
0.2731471 0.000816406
0.2826542 0.0008281949
0.2772706 0.0008421335
0.2700707 0.0008466372
0.2744968 0.0008485213
0.2694022 0.0008454303
0.2587518 0.0008740686
0.2653817 0.0008549806
0.2547604 0.0008546163
0.2712543 0.0008431216
0.2475253 0.0008488136
0.25233 0.0008471247
0.2457891 0.0008482461
0.244385 0.000864063
0.2430767 0.000860426
0.2541253 0.0008804502
0.264839 0.0008830897
0.2779748 0.0008676166
0.288907 0.0008897493
0.2849334 0.0008833934
0.2699013 0.0008902776
0.2737198 0.0008850164
0.2710312 0.0008811319
0.2797667 0.0008699841
0.2808585 0.0008645338
0.2734676 0.0008484072
0.2846125 0.0008484256
0.281331 0.0008624118
0.2711698 0.0008501996
0.2681417 0.0008336263
0.246255 0.0008365899
0.26138 0.0008387901
0.2592448 0.000830352
0.2640147 0.0008276329
0.2559406 0.0008346631
0.2495367 0.0008229636
0.2436173 0.0008168734
0.2361092 0.0008311594
0.2492299 0.000828086
0.2601966 0.0008257881
0.2478736 0.0008180972
0.2460317 0.0008141309
0.2463976 0.0008114775
0.2409206 0.000821048
0.2358098 0.0008262275
0.2517679 0.0008236549
0.2537589 0.0008253887
0.2663351 0.0008080185
0.2541968 0.0008052699
0.2659294 0.0007869033
0.2538384 0.0007978081
0.2473765 0.000784514
0.2533593 0.0007835865
0.2591684 0.0007858585
0.2572711 0.0007955656
0.2589219 0.0008093552
0.2727555 0.0008194471
0.2625177 0.0008256276
0.2600341 0.0008322529
0.2667807 0.0008434399
0.2701179 0.0008253588
0.2808819 0.0008129656
0.2810168 0.0008301595
0.2887206 0.0008444587
0.2889174 0.0008631133
0.2910872 0.00084805
0.2843837 0.0008557741
0.2747472 0.0008598812
0.2745063 0.0008525915
0.2709226 0.0008641833
0.2716907 0.0008815169
0.2833376 0.0008754601
0.3005351 0.0008732249
0.2974196 0.0008734124
0.3129314 0.0008648703
0.3030628 0.0008771857
0.3064225 0.0008809126
0.3073679 0.0008655693
0.3109167 0.0008705231
0.3180886 0.0008726034
0.3210343 0.0008797408
0.3187402 0.0008927701
0.314457 0.0008692681
0.3456337 0.0008845344
0.3396803 0.0008755217
0.3425395 0.0008835214
0.3423694 0.0008682731
0.3483301 0.0008736462
0.3371646 0.0008799082
0.3455842 0.0008857582
0.3378258 0.0008858537
0.3443251 0.0008968005
0.3409581 0.0009165097
0.3518643 0.0009163752
0.336378 0.0009162726
0.3705581 0.0009068751
0.3670321 0.0009221885
0.3521545 0.0009213453
0.352945 0.0009077044
0.3569867 0.0009074392
0.3558107 0.0008959534
0.3644825 0.0008954823
0.3606569 0.0009087235
0.3572269 0.0009016769
0.3531965 0.0009095871
0.3616989 0.0009190193
0.364809 0.0009364122
0.3599409 0.0009319604
0.3643565 0.0009430429
0.359596 0.0009445934
0.3667194 0.0009381752
0.3609102 0.0009456674
0.3588843 0.0009460431
0.363084 0.0009530479
0.3456674 0.0009428115
0.3281653 0.0009533481
0.3250102 0.0009441586
0.3148245 0.000934562
0.3219911 0.0009480746
0.3245172 0.0009473126
0.3265124 0.0009364195
0.3186484 0.0009443626
0.3267228 0.0009460913
0.3279379 0.0009305678
0.330813 0.0009181678
0.3225633 0.0009335584
0.3242163 0.0009323696
0.329927 0.0009295246
0.3294173 0.0009279173
0.339246 0.0009129264
0.3499745 0.0008961721
0.3482234 0.000901776
0.3555896 0.0009120311
0.3502843 0.000888342
0.3579305 0.0008884322
0.3608063 0.0008884885
0.3468583 0.0008751513
0.3456802 0.0008699008
0.3380715 0.0008844674
0.3627797 0.0009006265
0.3582099 0.0009022033
0.3592263 0.0008792077
0.3593101 0.0008753158
0.3548545 0.0008824511
0.3426154 0.0008700738
0.3433182 0.0008683512
0.3578389 0.0008575146
0.3539032 0.0008603649
0.3567457 0.0008716352
0.356542 0.0008626898
0.3459635 0.0008577529
0.3564179 0.000863325
0.3520902 0.0008632618
0.3491101 0.0008550014
0.3390874 0.0008444389
0.3388953 0.0008461325
0.3277815 0.000860138
0.3394206 0.0008528531
0.3395877 0.0008485931
0.3529227 0.0008586305
0.3503294 0.0008584338
0.336829 0.0008602679
0.3317207 0.0008665477
0.3319083 0.0008656421
0.3472934 0.0008845943
0.3443293 0.0008836287
0.3416659 0.0008743396
0.3306807 0.000872517
0.3093026 0.0008795109
0.3003297 0.0008769055
0.3073275 0.0008744983
0.3104139 0.0008553053
0.3237094 0.0008765345
0.3257394 0.0008789114
0.3228018 0.000869932
0.3189392 0.0008647821
0.304002 0.0008727534
0.3056557 0.0008817491
0.2993696 0.0008915314
0.2968689 0.0009020029
0.3191266 0.000896065
0.3099799 0.0008953275
0.3120902 0.0008861474
0.3336293 0.0008781491
0.3330729 0.0008850914
0.3364967 0.0008682775
0.3257646 0.0008776924
0.3282621 0.0008902117
0.3399808 0.0008684894
0.3246191 0.0008665366
0.3237278 0.0008656633
0.3275277 0.0008570301
0.3384536 0.0008530316
0.3332637 0.0008502351
0.3420562 0.0008595961
0.3439936 0.0008549437
0.3473098 0.0008568436
0.3490921 0.0008574703
0.3351588 0.000866616
0.338323 0.0008773608
0.342407 0.0008709405
0.3544316 0.0008597637
0.3510308 0.0008493035
0.3416792 0.0008489634
0.3406849 0.0008451291
0.3511491 0.000834634
0.3448483 0.0008406035
0.3518308 0.0008404655
0.3493695 0.0008395871
0.3460957 0.0008441106
0.3488524 0.0008440311
0.3475122 0.0008414864
0.3448642 0.0008332503
0.355844 0.0008364077
0.3526594 0.0008360167
0.3546388 0.0008355731
0.345955 0.0008420455
0.3269778 0.0008492684
0.3335547 0.0008536309
0.3187982 0.0008452292
0.3205823 0.0008339819
0.3198304 0.0008328075
0.3223352 0.000832766
0.3164775 0.0008187066
0.3144136 0.0008235484
0.2909149 0.0008257355
0.2855047 0.0008371863
0.2797383 0.0008644449
0.2869207 0.0008643222
0.2935075 0.0008495101
0.2980926 0.0008511887
0.2961799 0.0008398376
0.2995758 0.0008371035
0.3019292 0.000832737
0.3104067 0.0008269516
0.3184863 0.0008417761
0.3205576 0.0008223222
0.3111794 0.0008127584
0.2991434 0.0008003072
0.2930638 0.000802006
0.298546 0.0008068185
0.3039525 0.0008060216
0.3124327 0.000794873
0.2978828 0.0007790831
0.2982655 0.0007622807
0.307671 0.0007598663
0.3018962 0.0007495044
0.3013623 0.0007552096
0.3045067 0.0007675962
0.3179096 0.0007928571
0.3089644 0.0007973085
0.3057299 0.0007995654
0.3109188 0.0008013844
0.3068948 0.000802103
0.3149937 0.0008075222
0.3073911 0.0008235834
0.3039746 0.0008280261
0.3111382 0.0008342009
0.3148671 0.0008287635
0.3272829 0.000818015
0.3299489 0.0008123003
0.3320112 0.0008143455
0.3192634 0.0008133931
0.3294478 0.0008157813
0.3246965 0.0008141748
0.3235471 0.0008077808
0.3194435 0.0008087023
0.3216582 0.0008069616
0.3351169 0.0008202495
0.333835 0.0008155743
0.3265228 0.0007959976
0.34824 0.0008072322
0.3563484 0.0008079073
0.3483333 0.0008072229
0.3459155 0.0007983241
0.3347736 0.0008006941
0.3452545 0.0008044613
0.3553686 0.0008063574
0.340693 0.0008315034
0.3402096 0.0008170125
0.3501337 0.0008081457
0.3457646 0.0008114453
0.3469388 0.0008290695
0.3590882 0.0008322049
0.3591118 0.0008320901
0.364412 0.0008444078
0.3761286 0.0008422949
0.3655591 0.0008328782
0.3710461 0.0008683297
0.380711 0.00086157
0.3853908 0.0008609063
0.380159 0.0008324816
0.3828183 0.0008321704
0.3754238 0.0008435716
0.3711989 0.0008457305
0.3771131 0.000833872
0.3850444 0.0008421348
0.3932273 0.0008281635
0.3855457 0.0008306858
0.3890062 0.0008400236
0.3875753 0.0008327487
0.3858262 0.000833363
0.3768049 0.0008277812
0.3824792 0.0008333859
0.3762327 0.0008358605
0.3835462 0.0008313928
0.3724484 0.0008354147
0.3738684 0.0008422148
0.3673031 0.0008213265
0.3776767 0.0008169672
0.3847603 0.0008025165
0.3805425 0.0007904079
0.3692335 0.0007803802
0.3765125 0.0007653491
0.3779132 0.0007732927
0.3850856 0.0007630344
0.3968473 0.0007674079
0.3948122 0.0007636465
0.4032515 0.0007571798
0.3928911 0.0007510245
0.3803702 0.0007481013
0.3704185 0.0007671587
0.3728363 0.0007718426
0.3690277 0.0007748154
0.3883574 0.0007705409
0.3914452 0.000759833
0.395544 0.0007645914
0.3823367 0.0007705442
0.3698156 0.00078512
0.3738261 0.0007962497
0.3783876 0.0008179526
0.3713159 0.0008243477
0.3715362 0.0008192207
0.3713326 0.0008046205
0.3821223 0.0007942509
0.3603029 0.0008197319
0.36875 0.0008071193
0.3673271 0.0008059547
0.3648073 0.0008159185
0.365121 0.0008226153
0.3593823 0.0008252463
0.3526302 0.0008110167
0.3561384 0.0008169974
0.3654327 0.0007981509
0.3617567 0.0008021163
0.3534459 0.0008132541
0.3693984 0.0008136195
0.3539968 0.0008103093
0.3533673 0.0007937627
0.35131 0.0007772258
0.3488319 0.0007765798
0.3324576 0.0007713383
0.3316233 0.0007654122
0.3150003 0.0007789599
0.3220993 0.0007877465
0.3300051 0.000797913
0.3454461 0.0007941418
0.3513947 0.0008069824
0.3362948 0.0008066983
0.3341883 0.0008112041
0.3425979 0.0007972186
0.3399543 0.0007903923
0.3470832 0.0007893437
0.3440709 0.0007867141
0.3381104 0.0007777574
0.3446494 0.0007833935
0.3532724 0.00079558
0.3446596 0.0007949544
0.3442666 0.0008099911
0.3485182 0.0008044176
0.361285 0.000800625
0.3539309 0.0008067403
0.3336709 0.0007942595
0.3283012 0.0008034584
0.3136189 0.000815673
0.3279332 0.0008224793
0.334533 0.0008386102
0.3350453 0.0008147089
0.3263403 0.0008175507
0.3347709 0.0008101453
0.3374953 0.0008048227
0.3288814 0.0008081979
0.3300675 0.0008231782
0.3127011 0.0008334422
0.3231615 0.0008240334
0.3173592 0.0008145394
0.3276642 0.0007981859
0.3492274 0.0007903533
0.3521072 0.0007917709
0.3626277 0.0007884665
0.3709033 0.0007911106
0.3840097 0.0007847701
0.3721102 0.0007756952
0.3687032 0.0007813151
0.3875751 0.0007903014
0.3849892 0.0007971616
0.3735474 0.0007876543
0.3559302 0.0007777359
0.3453959 0.0007795245
0.3583431 0.0007773885
0.3806692 0.0007763544
0.3605982 0.0007767411
0.3604483 0.0007754039
0.3635139 0.0007815643
0.3606061 0.0007920663
0.3485878 0.0007740129
0.3565047 0.000760752
0.3616777 0.0007611282
0.3531464 0.0007635045
0.3591219 0.0007544463
0.3624026 0.0007476422
0.3598209 0.0007544448
0.3557962 0.00075443
0.3513903 0.0007534786
0.3565048 0.0007624259
0.349139 0.0007616878
0.3530422 0.00075565
0.3543766 0.0007471984
0.3452314 0.0007539651
0.3574923 0.0007632967
0.3772712 0.0007561344
0.3805422 0.0007577061
0.3803417 0.0007472173
0.3878279 0.0007620649
0.3978373 0.0007659593
0.4177159 0.0007542544
0.419426 0.0007623392
0.4159067 0.0007843006
0.4155487 0.000788981
0.4222376 0.0008043649
0.4544442 0.0008258132
0.430148 0.0008268679
0.4222602 0.0008176651
0.4249787 0.0008175316
0.4330529 0.0008078192
0.4237765 0.0008265846
0.4342879 0.0008179759
0.4331084 0.0008199622
0.4267338 0.0008225187
0.430225 0.0008293877
0.4505084 0.0008266093
0.4326656 0.0008231607
0.4286158 0.0008195582
0.4305546 0.0008275854
0.4382142 0.0008332243
0.4314889 0.0008557079
0.4455162 0.0008470788
0.4405068 0.0008405893
0.4186979 0.0008570905
0.4132702 0.0008545669
0.4179921 0.0008341686
0.4182611 0.0008347968
0.4182792 0.000830839
0.4090917 0.000809005
0.4231028 0.0008117958
0.4327769 0.0008087902
0.4127255 0.0008095442
0.4281055 0.0008199227
0.4419834 0.0008352258
0.4421551 0.0008384098
0.4433065 0.0008495516
0.4234383 0.0008446565
0.4237807 0.0008400295
0.4264677 0.0008543683
0.4075206 0.0008654066
0.3951602 0.0008595553
0.3876964 0.0008636586
0.3946841 0.0008512314
0.3906853 0.0008382055
0.3925873 0.0008432657
0.3924718 0.0008317967
0.3873115 0.0008273292
0.3880953 0.0008293928
0.3776947 0.0008470699
0.386936 0.0008505163
0.3845158 0.0008480565
0.3945166 0.000853868
0.402983 0.000848228
0.4042784 0.000853131
0.3905146 0.0008477294
0.3821537 0.0008807866
0.3702836 0.0008847975
0.3736997 0.0008901645
0.37788 0.0008804941
0.3827524 0.0008865354
0.3864001 0.000885063
0.388079 0.0008608413
0.3854684 0.0008469535
0.388073 0.0008436964
0.3864862 0.0008489984
0.3777134 0.0008424013
0.3891632 0.0008421801
0.3892182 0.0008508969
0.4090524 0.0008617395
0.3925014 0.0008624971
0.3998681 0.0008513584
0.3824234 0.0008512118
0.3939135 0.0008579903
0.3880729 0.0008710223
0.3842321 0.0008747121
0.3807339 0.000861674
0.3563647 0.0008616666
0.347402 0.0008566569
0.3355969 0.00085193
0.3350441 0.0008514508
0.3394541 0.000845887
0.3467565 0.0008433882
0.3494551 0.0008373403
0.3382049 0.0008530129
0.34104 0.0008611356
0.3602318 0.0008667892
0.3783389 0.0008614706
0.3749076 0.0008645682
0.3674901 0.000880963
0.3736325 0.0008919875
0.3730785 0.0009037846
0.3651116 0.0009205465
0.3570083 0.0009218307
0.3511747 0.0009211087
0.3416676 0.0009357548
0.334523 0.0009429666
0.3419718 0.0009275348
0.3466183 0.0009273715
0.3451229 0.0009368108
0.3545375 0.0009455782
0.3553629 0.0009552518
0.3595232 0.0009414311
0.3421983 0.0009549693
0.3350594 0.0009454321
0.3307642 0.0009236766
0.3247591 0.0009166414
0.3156509 0.0009147053
0.3344733 0.0008972679
0.3318465 0.0008948344
0.3095662 0.0008872915
0.3118674 0.0008770724
0.3168537 0.0008569776
0.3328566 0.0008602599
0.3429973 0.0008765104
0.3442861 0.0008687448
0.3351995 0.0008832949
0.3356377 0.0008844954
0.3415044 0.0008822116
0.3521326 0.0008823482
0.3578348 0.0008701636
0.362695 0.000861235
0.3611219 0.000878408
0.3527472 0.0008903532
0.361596 0.000909523
0.3654241 0.0009061599
0.37535 0.0008972172
0.3769475 0.0009127381
0.3766084 0.0009221227
0.369013 0.0009043073
0.3575246 0.0009023161
0.3609915 0.0008918061
0.365715 0.0009032567
0.3818626 0.0009032319
0.3804189 0.0009086196
0.3909401 0.0009045622
0.3986679 0.0008983026
0.4100276 0.0009004662
0.4013596 0.0009030056
0.388439 0.0008942519
0.3928664 0.0008836152
0.3773122 0.0008881303
0.3689916 0.000880771
0.3780093 0.0008918048
0.390921 0.0008982675
0.3797466 0.0009023436
0.3777082 0.0009022351
0.3800182 0.0008887
0.3865482 0.0008856976
0.3804891 0.0008859589
0.3723733 0.0008839659
0.3648861 0.0008795563
0.371397 0.0008635068
0.3804401 0.0008712175
0.3578356 0.0008771586
0.3509451 0.0009043984
0.3594486 0.0009124088
0.349647 0.0009041691
0.3346836 0.0009077599
0.3285375 0.0008918284
0.3414557 0.0009010685
0.3318906 0.0009138562
0.3370053 0.0009142814
0.3458608 0.0009196778
0.3421332 0.0009353321
0.3508458 0.00092846
0.3555267 0.0009258582
0.3618947 0.0009372619
0.3696044 0.0009450115
0.3709237 0.0009390839
0.3646483 0.0009337815
0.3634664 0.0009374886
0.3553586 0.0009160193
0.3572579 0.0009280067
0.3422988 0.0009410564
0.3642123 0.0009492955
0.3681189 0.000923337
0.3772069 0.0009199064
0.3649655 0.0009223073
0.3686737 0.0009269585
0.3915097 0.0009320264
0.3971513 0.0009150193
0.4067494 0.0009156455
0.4199158 0.0009102121
0.4265149 0.0009109655
0.4176017 0.0008952954
0.4102212 0.0009118543
0.3977936 0.0009364593
0.4050544 0.0009251475
0.4064435 0.0009338142
0.397641 0.0009355448
0.4164947 0.0009481351
0.4162749 0.0009614996
0.4191545 0.0009575454
0.422855 0.0009637929
0.4117109 0.0009651734
0.4131884 0.000961565
0.3982605 0.0009486373
0.3993986 0.00094572
0.4039632 0.0009355417
0.408176 0.0009288575
0.396255 0.0009517235
0.3953376 0.0009349233
0.3994137 0.0009481635
0.3999818 0.0009395981
0.4019716 0.0009250457
0.4062762 0.0009259995
0.4042937 0.0009316046
0.4029524 0.0009184935
0.4022594 0.0009037468
0.4051606 0.0008751915
0.4062387 0.0008705006
0.4029469 0.0008729967
0.3988904 0.0008926848
0.3927363 0.0009003559
0.395363 0.0008952084
0.3972837 0.0008916145
0.3996366 0.0008990703
0.4126155 0.0008958627
0.4073172 0.0009050782
0.4127067 0.0008884946
0.4218279 0.0008832715
0.4363713 0.0008717506
0.4326074 0.0008646025
0.4370161 0.0008679236
0.4559058 0.0008634805
0.4701788 0.0008706098
0.4594774 0.0008535909
0.4716048 0.0008679528
0.4538629 0.000887053
0.4573524 0.0008780616
0.4559867 0.0008814273
0.4539404 0.0008873602
0.4586217 0.0008861661
0.4618755 0.0008985742
0.4712393 0.0009044549
0.4714149 0.0008886278
0.4661796 0.0008939733
0.434649 0.0008935605
0.4439557 0.0008918942
0.4435799 0.0008834568
0.4452496 0.0008739665
0.4535155 0.0008804137
0.4665296 0.0008792962
0.4783899 0.0008709816
0.4835079 0.0008825772
0.4913345 0.0008797407
0.4887186 0.0008752525
0.4832978 0.0008783912
0.4948286 0.0008612237
0.5050975 0.0008624676
0.516406 0.0008624279
0.5059978 0.0008449227
0.4967476 0.0008315675
0.4994053 0.0008412259
0.5053019 0.0008321847
0.5071928 0.000833135
0.5140386 0.0008415858
0.5149074 0.000828094
0.5074004 0.0008201641
0.5117849 0.0008165812
0.5206895 0.0008325184
0.5228783 0.0008311371
0.5200244 0.0008233613
0.5185018 0.0008366616
0.507671 0.0008379301
0.5054311 0.000826076
0.4980426 0.0008193069
0.4896956 0.0008170008
0.4783794 0.0008062433
0.4700682 0.0008166627
0.4649671 0.0008121614
0.4652855 0.000809747
0.4594394 0.0008138488
0.4639126 0.0008303599
0.4545163 0.0008135569
0.4641514 0.0008259424
0.4663915 0.0008249055
0.4639961 0.0008322196
0.478949 0.0008338333
0.4899101 0.0008377867
0.476446 0.0008219022
0.4715756 0.0008129075
0.4825517 0.0007950243
0.4774339 0.0007913288
0.468639 0.0007965953
0.4587275 0.000798358
0.4595042 0.000799855
0.4623922 0.0007999438
0.4709247 0.0007864901
0.463061 0.0007801428
0.4721661 0.0007881672
0.4851755 0.0007766525
0.4808385 0.0007726752
0.4740349 0.0007634347
0.4790719 0.0007837657
0.4795891 0.0007822932
0.4738173 0.0007827913
0.4577473 0.0007808782
0.455814 0.0007781638
0.4729771 0.0008024246
0.468679 0.0008128062
0.4702285 0.0008037628
0.4657076 0.0007941689
0.465495 0.0008072551
0.4769991 0.0008034812
0.4757977 0.0008162733
0.4671995 0.0008159347
0.4608424 0.0007952526
0.4513757 0.0007986266
0.4576909 0.0007999025
0.4653326 0.0007914897
0.4589087 0.0007837436
0.4683801 0.0007857781
0.4762383 0.0007898452
0.4748676 0.0007709784
0.4756675 0.0007695826
0.4758095 0.0007716519
0.4632557 0.0007745304
0.47504 0.0007730902
0.4719957 0.0007782929
0.4737486 0.000781054
0.4754876 0.0007939239
0.4672463 0.0007798208
0.4747253 0.0007882879
0.4720769 0.00076337
0.4625308 0.0007584224
0.4649717 0.0007617233
0.4562186 0.0007549243
0.4771631 0.0007536891
0.4852453 0.0007603182
0.4949989 0.0007763088
0.4926322 0.0007814558
0.4977877 0.0007749158
0.504132 0.0008028174
0.4958756 0.0008007632
0.4931262 0.0007891044
0.4909648 0.0007935203
0.4855375 0.0008038475
0.4891301 0.0008076807
0.5035158 0.0008097373
0.5075126 0.0008132339
0.5012185 0.0008045721
0.5065243 0.0008134355
0.4893017 0.0008015313
0.4909065 0.0008197671
0.4886165 0.0008153391
0.46927 0.0008121554
0.4724586 0.0008000106
0.4622157 0.0008101736
0.4485836 0.0008117771
0.4566629 0.0008095959
0.468331 0.0007983327
0.4775607 0.0007782368
0.4989421 0.0007581409
0.4890842 0.0007543473
0.4781948 0.0007786871
0.4802589 0.0007913899
0.4830171 0.0007986017
0.4752055 0.0008002063
0.4697962 0.0007964261
0.464867 0.0007897662
0.460741 0.000780016
0.4794911 0.000788934
0.4850131 0.0007895002
0.4881973 0.0007833106
0.5032567 0.0007902803
0.50546 0.0007937783
0.4754676 0.0008071359
0.4735047 0.0007976803
0.4837265 0.0007936597
0.4905775 0.0007819266
0.4686647 0.0007659791
0.4887493 0.000769561
0.4880393 0.0007723139
0.4866281 0.0007644832
0.4768651 0.0007719359
0.4870271 0.0007621206
0.4900111 0.0007554509
0.4917148 0.0007408274
0.4918297 0.0007166288
0.4859445 0.0007140393
0.4968661 0.0007022919
0.501398 0.00068546
0.5140604 0.0006804812
0.5054799 0.0006758824
0.4995802 0.000690212
0.487509 0.0006921551
0.4791291 0.0006981115
0.4727979 0.0006928568
0.4661058 0.0006964152
0.4677977 0.0006981865
0.4696696 0.0006991405
0.4794515 0.0006874811
0.4566812 0.0006911311
0.463019 0.0006869507
0.4592754 0.0006811637
0.4545631 0.0006909653
0.4517848 0.0007042124
0.4341631 0.0006948053
0.434442 0.0006978472
0.4507861 0.0007063274
0.4517323 0.0007230301
0.4658669 0.0007260576
0.4587471 0.000729582
0.4726905 0.0007293002
0.4696549 0.0007134262
0.4763679 0.0007222588
0.475824 0.0007114812
0.4651153 0.0007190661
0.4728928 0.0007193561
0.4774227 0.0007258658
0.457841 0.0007365372
0.4549722 0.0007264049
0.450338 0.0007317767
0.4535821 0.0007349753
0.4641208 0.0007326271
0.4437341 0.0007304328
0.446165 0.0007320281
0.4600555 0.0007240662
0.4646325 0.0007171523
0.458712 0.0007041631
0.4434956 0.0007190306
0.4301303 0.0007309886
0.4323554 0.0007349516
0.4186067 0.0007428204
0.4158273 0.0007365866
0.3953661 0.0007421426
0.3899512 0.0007556936
0.3898245 0.0007541154
0.3871881 0.0007619842
0.388565 0.0007581219
0.4025437 0.0007606945
0.4194663 0.000748304
0.4119446 0.0007458377
0.416312 0.0007518509
0.4269017 0.0007522429
0.4311879 0.0007660095
0.4255955 0.0007659641
0.4055897 0.0007685672
0.4123169 0.0007791349
0.4128577 0.0007674927
0.423877 0.0007387682
0.4239704 0.0007524688
0.411754 0.0007614071
0.4123987 0.0007578481
0.4249592 0.0007559887
0.4249172 0.0007723161
0.4416559 0.0007726594
0.434313 0.000774453
0.4393411 0.0007836981
0.4355487 0.0007831368
0.4521175 0.0007767378
0.4483654 0.0007683487
0.4414856 0.0007790956
0.4348303 0.0007888441
0.4307043 0.0007635787
0.4415007 0.0007489469
0.4277571 0.0007515835
0.4337219 0.0007425071
0.4313717 0.0007159714
0.434433 0.0007344794
0.4255336 0.0007374276
0.4297961 0.0007266343
0.4190905 0.0007334096
0.4181103 0.00074606
0.4369507 0.0007516651
0.4199432 0.0007357986
0.4122327 0.0007340577
0.4112631 0.0007359597
0.4125604 0.0007604238
0.3974411 0.0007654023
0.409157 0.0007729058
0.4024742 0.0007668048
0.3851316 0.0007622432
0.3760192 0.0007733989
0.3643357 0.0007747649
0.3570754 0.0007725143
0.3483695 0.0007701057
0.3585756 0.0007714085
0.3491011 0.0007652744
0.3469296 0.0007645641
0.3505206 0.0007589853
0.3522099 0.0007615789
0.3657773 0.0007699274
0.3563826 0.0007714235
0.3587416 0.0007760596
0.3555586 0.0007716839
0.3464707 0.0007619838
0.3591643 0.0007480106
0.3655832 0.0007461964
0.3708175 0.0007379972
0.3714358 0.0007339806
0.3620449 0.0007324451
0.3776103 0.0007139569
0.3793493 0.0007043939
0.3706503 0.0007110005
0.3788278 0.0007179548
0.3905132 0.0007175495
0.3807539 0.0007120758
0.3810319 0.0007061771
0.3710893 0.0007264479
0.3708707 0.0007421359
0.3818729 0.0007397168
0.3847635 0.0007344088
0.3774508 0.0007282231
0.3648836 0.000742886
0.3729669 0.0007434858
0.3607809 0.0007491205
0.370383 0.0007478888
0.3683285 0.0007521495
0.3660572 0.000763002
0.3823678 0.0007671442
0.3874472 0.0007802521
0.3962335 0.0007774624
0.3687975 0.0007794344
0.3803093 0.0007756486
0.3918614 0.0007733958
0.3736827 0.0007759681
0.3615263 0.0007930964
0.348924 0.0007803537
0.3371318 0.0007822781
0.3511069 0.0007698884
0.3526973 0.0007778593
0.3472246 0.0007787471
0.3456568 0.0007767332
0.3632642 0.0007836877
0.3583194 0.0007860185
0.3599843 0.0007901625
0.3694905 0.0007875385
0.3609436 0.0007838741
0.3610138 0.0007888621
0.3716796 0.0007963685
0.3641778 0.0007933148
0.3655949 0.0007943403
0.3523543 0.0007904319
0.3461505 0.0008079946
0.3557294 0.0008012096
0.3584061 0.0008167434
0.3644797 0.0008242943
0.3629251 0.0008255176
0.3546229 0.0008387705
0.3463227 0.000846658
0.3478104 0.000848333
0.3545184 0.0008414704
0.3552079 0.0008482197
0.3708 0.0008308941
0.3722508 0.0008397544
0.37738 0.00083884
0.3671104 0.0008317048
0.3603602 0.0008284627
0.3623059 0.0008281381
0.3822476 0.0008288678
0.3807337 0.0008517028
0.3885107 0.0008514683
0.3698378 0.0008481085
0.3681815 0.0008514191
0.363555 0.0008479664
0.3648807 0.0008462947
0.3710621 0.0008566075
0.3796759 0.0008488619
0.3824551 0.0008350365
0.3845146 0.0008524447
0.3923443 0.0008381904
0.3840928 0.000832269
0.381251 0.0008255762
0.400434 0.0008280322
0.3928072 0.0008460061
0.3966677 0.0008431715
0.3931431 0.0008428938
0.3874669 0.0008273601
0.381367 0.0008420896
0.3771943 0.0008423278
0.3808142 0.0008406693
0.3874598 0.0008407017
0.3897298 0.000809526
0.3998102 0.000811646
0.3727375 0.0008226589
0.3714911 0.0008127867
0.3682999 0.0008176533
0.3596668 0.0008284336
0.3490097 0.0008326832
0.3509387 0.0008295812
0.371423 0.0008403152
0.3567951 0.0008222878
0.3605477 0.0008388738
0.3603684 0.0008278289
0.3553594 0.0008209802
0.3681177 0.0008176682
0.3599085 0.0008023161
0.3663025 0.0007946426
0.3891669 0.0007836122
0.3823238 0.0007955627
0.3833657 0.0007871708
0.3850463 0.0007960103
0.3967632 0.0008016921
0.3994496 0.0008224026
0.4056716 0.0008106998
0.4002813 0.0008175005
0.3809041 0.0008228076
0.382855 0.0008123645
0.3837011 0.0008079602
0.3918639 0.0008020456
0.3811274 0.0008001045
0.3742898 0.0008133176
0.3712705 0.0008019974
0.359703 0.0007969699
0.3569689 0.0007966085
0.3793752 0.0008084609
0.3901527 0.0007969951
0.3942666 0.0008017943
0.3912125 0.00079736
0.3961343 0.0007958805
0.3950125 0.0007772642
0.4006693 0.0007807534
0.3999334 0.0007765926
0.4016134 0.0007786547
0.3912037 0.0007840729
0.3900529 0.0007917514
0.3989985 0.0007975898
0.3946726 0.000784645
0.3832664 0.0007853557
0.3911203 0.0007802244
0.4063984 0.0007851139
0.4092024 0.0007873586
0.3873545 0.0007803945
0.3882484 0.0007920755
0.4018296 0.0008051969
0.4062732 0.0007931496
0.4061112 0.000772458
0.4042414 0.0007536441
0.3973938 0.0007420256
0.4099951 0.0007473589
0.4187547 0.0007391342
0.3951056 0.0007558239
0.3885097 0.0007527487
0.3855608 0.0007627721
0.39502 0.000764384
0.4086992 0.0007514756
0.4190955 0.0007463267
0.4292884 0.0007484119
0.4181909 0.0007402094
0.4334814 0.0007277484
0.4376307 0.0007186293
0.4309303 0.0007169103
0.4351555 0.0007212038
0.4344154 0.000715311
0.4281999 0.0007156716
0.4390966 0.0007136514
0.45073 0.0007006392
0.4589989 0.0006912487
0.4567816 0.0006949829
0.4572256 0.0006974125
0.4593127 0.0006990652
0.466672 0.0007021594
0.4568332 0.000700494
0.4599122 0.0007055182
0.4891969 0.0007041349
0.4935299 0.0006883177
0.4957144 0.0006839956
0.4681199 0.0006837957
0.4755298 0.000664985
0.4767546 0.0006537795
0.4814925 0.000655795
0.4817939 0.0006676265
0.4951527 0.0006699871
0.4993361 0.0006681618
0.4991815 0.0006754444
0.4911055 0.0006845193
0.4886709 0.0006831728
0.4849908 0.0006819849
0.4704239 0.0006804677
0.4622842 0.0007007045
0.4421793 0.0006980286
0.4400146 0.0006832483
0.439302 0.0006886313
0.446642 0.0006953787
0.4353306 0.0006885253
0.4352226 0.0006738547
0.423653 0.0006794907
0.4227789 0.0006835826
0.4241675 0.0006784138
0.4161332 0.0006792488
0.4114024 0.0006925878
0.4103273 0.0006853967
0.4091342 0.0006833335
0.4145339 0.0006797555
0.3976489 0.0006649963
0.3969956 0.0006607265
0.3877592 0.0006577338
0.3809724 0.0006728139
0.3778298 0.0006772471
0.3657725 0.0006752328
0.3681154 0.0006660974
0.3513513 0.000672061
0.357751 0.0006824711
0.3769646 0.000688128
0.378982 0.0006862658
0.3849065 0.0006937244
0.3903631 0.0006927135
0.3817201 0.0006950438
0.3717686 0.0006918057
0.3694258 0.0007001147
0.3686484 0.0006934225
0.3707943 0.00070075
0.3630655 0.0007027082
0.3693346 0.0007136156
0.35897 0.0007141876
0.3703599 0.0007060946
0.3583865 0.000703223
0.3610497 0.0007040842
0.3703028 0.0007140415
0.3632801 0.0007450471
0.3693174 0.000747399
0.3582353 0.0007580654
0.3549922 0.0007514251
0.3670695 0.0007614345
0.3586818 0.0007634457
0.3653736 0.0007615566
0.3703853 0.0007614006
0.3632889 0.0007605339
0.3653309 0.000751626
0.3540112 0.0007548452
0.3560444 0.0007621156
0.3677262 0.0007664795
0.3652919 0.0007625286
0.3883912 0.0007557735
0.3903353 0.0007294671
0.3896984 0.0007311243
0.3991441 0.000730818
0.3937718 0.0007381748
0.403989 0.0007301129
0.3841397 0.000720593
0.3758567 0.000719472
0.3824523 0.0007128206
0.4009011 0.000714061
0.3934626 0.0007132081
0.3911299 0.0007224649
0.3732399 0.0007287739
0.3636654 0.0007278082
0.3698997 0.0007247676
