0.2598254
-0.125024
0.08886209
0.544939
0.3510477
0.6976932
0.4859922
0.5879213
0.4619523
0.419507
-0.0277748
-0.9152183
-0.8885198
-0.236075
-1.102399
-1.676553
-1.292535
-1.711178
-1.968968
-2.297608
-2.484428
-2.344253
-1.640059
-1.456493
-0.8100438
-0.969657
-0.5516725
-0.1254983
-0.3728391
-0.7377637
-0.7862158
-1.077054
-0.2112242
-0.1706323
-0.5095752
-0.1806259
-0.3171618
-0.2305035
0.1204952
0.4113194
0.7829749
0.7326214
1.50112
1.02413
1.094522
0.708178
1.315527
1.348359
1.704101
2.101672
1.706374
1.893032
1.549478
1.511983
1.740838
2.104074
2.365609
2.154175
1.985272
1.79541
2.059191
2.340997
2.74935
2.910838
3.841494
3.813398
3.723844
3.66595
4.197536
4.080307
3.613701
3.353701
3.048596
3.874198
3.724919
3.153132
3.216568
2.958523
2.702494
1.915058
1.731601
1.871189
2.467858
2.355597
3.093618
3.602421
4.204847
4.797078
5.761029
5.704528
5.247764
5.379368
5.277456
5.907491
5.457487
4.884565
4.677992
4.342306
4.078851
3.678273
3.543042
4.178151
3.54421
4.785897
4.797792
4.411762
3.979026
4.03513
3.875968
4.074425
4.388063
4.614344
3.871886
4.699344
4.457783
4.483618
4.588326
3.109362
3.266665
4.499821
4.422231
5.039544
4.443756
4.572828
5.429815
4.921292
5.097038
6.132949
5.926347
6.453659
6.346853
5.2084
5.32002
4.072996
3.195477
3.320694
3.096244
3.026877
2.902712
3.243332
3.124729
3.900454
3.852888
3.519263
2.668874
3.065633
2.718159
2.612446
3.486938
3.350517
3.418183
3.59241
3.664104
3.695021
3.940986
3.024884
3.447604
2.653446
1.976931
2.25704
2.386331
1.931185
1.863978
1.150767
1.025699
1.087156
1.035774
2.587144
2.087696
1.923276
1.839367
2.031308
1.094133
1.331038
1.479155
1.598599
1.497638
1.055652
0.8391249
0.3458037
0.6966588
1.329991
2.108962
2.885652
1.916328
2.704586
3.751028
3.710945
4.344572
4.113716
3.993204
3.134639
3.496102
3.142736
2.765196
1.7857
2.253411
1.274154
1.467889
1.461333
1.10774
1.281686
1.135331
1.506458
1.329327
0.8615784
0.8746248
0.6787327
0.387996
0.6562911
1.186668
0.8796044
1.370038
1.683644
1.037701
0.9721705
0.1480223
-0.6314216
-0.1095603
0.182304
0.004513369
0.02086845
-0.03878555
0.1988832
0.5824649
0.3122068
-0.3384102
-0.01127541
0.3756721
0.9016407
1.126944
1.596544
1.205255
1.626523
1.617533
1.134698
1.115202
1.148101
1.096857
0.8392852
1.190541
1.400535
1.902343
1.496043
0.9545285
1.054374
1.065815
1.223085
1.344894
1.38568
1.550483
0.7449003
0.5344531
-0.02858955
-0.1093441
0.1619683
0.1507631
0.2278703
-0.04858403
-0.8754561
-1.135167
-0.9185169
-0.6975851
-0.6907021
-1.319451
-1.088067
-1.118452
-0.4243668
-0.7511235
-0.7503664
-0.5459005
-0.2823663
0.3929587
0.2677103
0.1850005
0.1440926
0.5252612
-0.09677856
0.2095045
0.2557184
0.3764463
0.3136493
0.1554064
0.2369209
-0.2792489
0.3490073
0.04482696
-0.1592543
0.1219083
-0.3710689
-0.7191847
-0.3322228
-0.1814702
-0.2149452
-0.4975515
-1.31083
-1.640469
-2.092235
-2.490165
-2.155175
-1.931006
-1.679129
-1.474092
-1.367688
-1.382745
-1.680105
-1.742759
-1.939295
-2.511019
-3.002355
-2.807684
-3.197624
-3.130192
-3.477176
-3.394189
-4.087672
-3.610151
-2.768385
-2.729793
-3.257695
-3.066545
-3.293873
-2.94898
-2.513279
-2.126005
-2.573967
-2.2243
-1.923708
-2.602584
-2.659637
-2.201154
-2.256681
-2.227618
-2.005979
-2.436152
-2.372688
-2.427131
-1.65168
-2.177779
-1.95719
-1.436158
-1.276015
-1.215785
-0.6317143
-0.720548
-0.6215302
-0.04190102
-0.06889478
-0.8727448
-1.11955
-1.154865
-2.322296
-2.377432
-1.628334
-2.278815
-2.78116
-2.430053
-3.293228
-2.998995
-2.38394
-1.492265
-1.408937
-1.260182
-1.226217
-2.157942
-1.904418
-1.521332
-1.348526
-1.320783
-1.925031
-1.541257
-1.111825
-1.621141
-1.95301
-1.833013
-2.040087
-2.457821
-2.29956
-2.251156
-2.401966
-2.704872
-3.228512
-2.386813
-2.531904
-2.876414
-2.208654
-1.21584
-1.414965
-1.1934
-0.8347722
-0.6404763
-0.5294457
-0.7830737
-0.6979114
-0.7823642
-1.434393
-1.498741
-0.7214367
-0.748666
-1.372601
-1.372647
-1.713336
-1.803521
-1.302822
-2.336322
-1.865334
-2.124625
-1.815739
-1.806251
-2.184493
-1.58105
-1.377777
-1.582464
-1.555111
-1.373455
-1.712005
-1.384152
-1.113195
-0.9695573
-0.3596718
-0.6450275
-0.6569206
-0.9654524
-0.7269963
-0.5077327
-0.3095641
-0.7161281
-1.169136
-1.92824
-2.19284
-2.189348
-2.099055
-2.064052
-2.041097
-1.275115
-0.7622412
-1.388201
-1.181298
-2.31966
-1.760196
-1.73101
-1.586376
-1.947365
-2.254768
-2.928596
-3.214345
-2.518679
-2.377303
-2.945577
-2.746833
-2.614034
-3.380433
-3.472001
-3.301986
-2.949112
-2.779292
-1.78998
-2.366832
-2.329946
-2.01197
-2.107224
-1.32195
-1.487244
-2.337711
-2.890648
-2.591491
-3.157633
-2.96037
-2.692069
-2.826311
-2.617106
-2.385732
-2.801209
-2.761895
-3.093007
-3.07498
-2.72711
-2.132847
-2.66199
-2.436748
-2.596556
-2.348976
-2.634428
-2.6721
-2.753288
-2.789071
-3.192753
-3.235765
-3.466661
-3.463076
-3.319493
-3.040584
-2.666764
-1.820327
-1.531664
-1.8184
-2.458547
-1.838727
-1.362902
-2.191302
-1.958715
-2.06439
-2.113687
-1.494238
-0.9446951
-1.738388
-1.485673
-2.364796
-2.204011
-2.444181
-1.745096
-2.214516
-2.09908
-1.765627
-1.880472
-2.377709
-3.016759
-2.232018
-2.731808
-2.728595
-3.06741
-3.232378
-3.474936
-2.906474
-2.19076
-2.579053
-2.878867
-3.302548
-3.281455
-3.395972
-3.762303
-2.873552
-2.204104
-2.714375
-2.351982
-2.444159
-2.918283
-3.275947
-2.948583
-2.143479
-1.34698
-1.409889
-1.374158
-1.632776
-1.259304
-0.8151148
-0.3534539
-0.823209
-0.5349662
0.2934478
0.3447895
0.9800034
-0.5752465
-0.4691549
-0.9711403
-0.559406
-0.6474106
-1.161004
-1.36102
-0.9879481
-1.182402
-1.246463
-0.06504657
0.002734186
-0.2434762
-0.1929726
0.7391284
1.022062
1.007901
1.102693
2.600142
1.836387
1.405505
1.688666
1.869873
1.687378
2.271669
1.638335
1.843139
1.657172
1.367878
0.6500072
0.4056778
0.5427609
-0.1466147
0.0994071
0.2669999
-0.06667079
-0.2125609
0.3831846
0.1124519
-0.08789947
-0.1141211
-0.9001143
-0.6911061
-0.02178235
0.3275767
-0.22678
-0.05622909
0.3513636
-0.2526297
-0.3055284
0.560104
0.02380041
0.4332179
1.042927
1.369946
1.029001
1.547391
2.006952
1.998363
2.324768
1.821577
2.794158
3.271152
2.931679
2.765659
2.288105
2.17989
1.35392
0.9893766
1.004735
0.5850887
0.6584763
1.380549
1.708829
1.582367
1.571658
1.972469
2.39756
2.026926
1.275925
2.077576
2.510647
3.501367
3.848584
4.381807
4.738856
4.834607
4.461142
5.072446
4.231164
4.096194
3.698182
4.709022
4.607529
4.873791
4.058837
4.463389
4.505154
3.858906
4.851797
4.775614
4.832855
5.649714
5.649299
6.982443
6.79992
6.545481
6.860111
6.715283
7.018181
6.819801
6.514799
6.421308
6.787551
6.086411
5.471102
5.319992
5.391822
5.419947
5.319712
4.726454
4.80369
4.579416
4.898847
4.564691
4.784973
4.67444
4.878255
5.189036
5.969877
6.115931
5.572458
5.311184
5.863823
5.690454
6.065701
6.043137
6.784159
7.387935
8.18452
8.581337
9.091141
9.394172
9.432808
9.456844
10.21295
10.11085
10.84271
11.0296
10.8901
10.39151
10.48651
10.04326
10.72597
10.75634
10.3621
9.697784
9.617581
9.531892
9.629689
10.10371
10.59589
10.84613
11.18396
10.7376
10.19437
9.781117
10.27614
10.02674
9.181806
8.862311
8.635488
8.768858
8.852003
8.894296
9.000474
9.326851
8.754888
8.815578
8.090902
7.870929
7.482313
7.921479
7.933039
8.119254
7.995054
7.378822
7.726493
8.014597
7.766847
7.773928
7.848252
7.25643
7.733384
8.140756
7.892147
8.578516
8.870251
9.286186
9.421822
9.291386
8.47893
8.317164
8.954764
8.64622
9.709862
9.438151
9.261026
9.50082
9.096818
9.299694
9.413595
10.08309
10.18782
10.239
10.96985
11.09953
10.64811
10.74918
10.36901
10.85026
11.36441
11.02328
11.38321
12.08716
13.06291
13.75254
14.52849
15.00892
14.78836
13.75601
13.725
14.08295
13.53655
13.34436
12.75696
11.93934
11.56676
11.4386
10.9759
11.3994
10.80486
10.91603
11.31265
10.99831
11.22549
11.71468
12.01459
11.67707
12.35113
12.83154
12.48768
12.40864
12.03361
11.46952
11.34599
10.99203
11.02386
10.57748
10.54746
10.3099
10.07001
10.22281
9.037541
8.917684
9.302256
9.27701
9.544831
9.17808
9.029661
9.362206
8.613122
7.723242
7.34556
8.099549
8.125569
7.898779
8.052538
7.829125
8.109947
8.977732
8.986867
8.779627
8.96163
8.620281
8.664518
8.27788
7.793734
7.682092
7.766622
8.47009
8.385261
8.394839
8.125175
6.973983
7.30782
7.448129
7.590338
8.109893
8.386995
8.413744
9.300005
9.331101
9.186828
8.634188
8.849803
9.255459
8.728989
9.157892
8.913841
8.513856
9.194375
9.473587
9.318592
9.308425
9.105078
9.067441
8.903877
8.640821
8.509337
8.58696
9.055235
9.79739
9.859795
9.628586
9.936619
10.40467
11.18218
11.61765
11.4991
11.31574
11.16883
11.90831
11.94265
12.15727
12.53385
12.15689
13.04306
12.60874
12.61008
12.30636
12.5076
12.33991
13.60707
13.74418
13.35443
14.11871
14.35377
14.47905
14.77379
14.6953
14.95482
14.54295
14.77162
14.95513
14.79101
15.19129
14.64078
14.40172
14.04056
13.84279
13.58512
12.97002
12.31919
13.27833
13.89413
13.72706
13.79159
14.0267
14.07277
14.26132
14.61268
14.31489
13.99093
13.95782
15.00066
14.75333
14.38195
14.02072
15.40207
15.72998
15.0619
15.01846
14.95969
14.61346
15.20007
14.7234
14.57374
13.98085
15.01545
14.84243
15.44029
15.72967
15.86182
16.22635
15.45466
14.80558
15.04121
14.69817
14.52098
14.46904
14.25801
15.08724
15.28605
15.00202
14.99204
13.75925
13.68986
13.82456
14.01065
14.28345
13.62836
13.499
13.74229
13.40753
13.3798
13.35651
13.47305
13.29171
13.3224
13.75756
13.23923
13.80479
13.92624
13.44399
13.41862
12.92634
12.95971
13.35926
13.37098
13.98967
14.65181
14.8301
15.3205
15.3856
15.55633
16.21137
16.47892
16.34153
15.91711
16.39785
15.81099
15.75784
15.83071
16.00589
16.29437
15.77455
16.00512
16.27194
15.56228
15.28581
15.5864
16.25375
16.74875
17.07204
16.28725
16.92892
17.08912
17.3799
17.28182
17.60572
17.05998
16.34498
16.25404
16.5681
16.34653
16.35482
16.39009
15.95846
15.71874
15.42926
15.66778
15.40095
14.50532
13.84356
13.24719
12.73808
13.26971
13.2108
12.66789
12.68995
12.84605
12.24927
12.25888
12.43189
12.46546
11.82357
12.20373
12.93332
13.14746
13.38125
12.69504
12.16491
12.78023
12.66089
11.98795
12.43923
13.46448
13.23645
13.74499
12.9316
12.69637
12.55051
12.66727
11.60448
11.4649
12.51256
12.77567
13.12774
13.62003
13.48836
13.38441
13.28963
12.549
12.46656
12.66886
12.58152
12.10814
12.43834
12.65779
11.68777
11.85138
10.53787
10.40677
10.60691
9.880738
9.254476
9.696852
9.704572
9.965222
9.010668
8.635183
9.113777
8.525439
7.997515
8.898461
9.072552
8.691859
8.489926
8.602364
8.837417
8.220693
8.258391
8.272442
7.741761
7.526681
8.269579
8.533461
9.052244
9.041604
9.90637
9.644317
9.288253
9.020954
9.049726
9.068666
8.842257
9.434154
10.20749
11.29284
11.46329
10.987
11.51028
11.46811
11.01555
11.22573
11.61329
11.30997
11.04198
11.263
10.94752
11.38255
11.19135
10.70953
10.26613
9.985777
10.13235
10.31402
10.33231
10.33129
10.3815
9.795588
9.745312
9.476361
9.418754
9.560057
9.383951
10.35698
10.55354
11.32396
11.68635
12.08463
11.02194
11.87274
11.42923
11.93826
11.72031
11.88357
10.84233
11.11409
12.33624
11.87811
11.42422
11.64046
11.31829
11.91192
11.46353
11.74923
11.65035
10.94208
10.79085
10.51681
11.23784
10.97916
11.11052
11.59984
10.89387
10.80788
11.59525
11.76669
11.76222
12.4857
12.96997
13.42695
14.07776
13.45474
12.98621
13.74631
14.31065
14.24168
14.25148
14.04139
14.38758
14.49554
13.88549
13.46127
13.64008
13.38236
13.77346
14.68349
14.6072
14.52472
13.87931
13.82546
13.77544
13.575
13.90849
14.36491
14.20905
12.72061
12.53544
12.44646
11.86253
11.35842
10.97132
11.67335
11.5206
12.13431
11.93866
12.43105
12.79784
13.33398
13.19953
13.20135
13.09056
13.74652
13.44094
13.96346
13.26698
13.09934
13.50255
13.71312
13.38519
14.33781
14.60093
14.31905
13.56669
13.53277
13.69738
12.69791
11.9587
11.40943
11.43845
10.8062
10.79724
11.09665
11.21726
10.89849
10.43903
10.51459
10.57708
11.19565
11.40357
10.80778
10.15291
10.19282
10.22673
9.725025
10.00845
9.586935
9.419056
8.554436
8.215128
8.103609
7.4642
8.272342
7.488979
8.559645
8.399623
8.967214
8.255241
9.210558
8.290953
8.305159
7.748906
7.882335
8.190747
8.061011
8.475636
8.474794
8.096169
8.535184
8.64864
8.534137
8.632193
8.30481
8.570621
8.614056
9.208595
9.104056
9.160517
9.456771
9.766514
9.610953
9.246569
9.53823
9.382385
9.867918
9.875986
10.42354
10.74514
10.42797
9.763032
9.700963
9.54827
9.62376
9.299065
9.461803
8.668332
7.605925
7.327154
6.760454
6.580042
6.629781
7.538667
7.709463
8.629029
8.930503
8.600867
9.890602
10.21632
9.905135
9.915948
10.0713
10.25312
10.47907
10.00179
10.13134
10.08599
10.85795
10.58424
9.846325
8.948803
9.340524
8.59595
8.990097
9.113282
9.85261
10.04578
9.879471
9.521551
10.19842
9.896921
9.634696
8.978635
8.595177
7.751095
7.555986
7.042476
7.351401
6.956212
7.356637
7.170903
7.146538
6.356524
6.517703
6.412858
6.930127
6.517068
6.952033
6.681143
5.34519
4.663058
4.979256
4.761376
5.281433
4.744278
5.438975
6.066129
7.014658
6.51898
5.803235
5.72162
5.656024
5.819583
6.417995
6.88783
6.587805
6.770322
6.881083
5.841836
5.457206
5.485513
5.469786
5.848199
6.177969
5.96084
5.648368
4.844507
4.571088
4.389687
3.136663
4.139727
4.352662
4.436846
4.290081
3.983879
4.425436
4.95688
5.319969
5.323018
5.334824
5.499901
5.431846
5.357244
5.692824
5.908348
6.003778
6.258369
6.28598
6.113672
5.956311
7.114647
7.048482
6.966355
6.763748
7.281915
6.984998
7.298076
7.330025
7.335838
7.253725
7.460168
7.942316
8.286102
7.980821
8.330213
8.67609
8.917257
9.050384
9.328392
9.789172
8.803298
8.555818
8.168729
8.551967
8.795457
8.60732
8.684344
9.687956
9.635803
9.426965
8.51998
8.520956
8.756899
8.83242
9.39856
9.208238
9.291525
9.421177
9.311878
8.989643
8.890485
9.112022
8.719049
8.958014
8.881258
9.496008
9.273028
9.883393
10.35993
9.941178
9.839104
9.975809
10.28275
10.60824
10.74479
11.40307
10.21957
9.661707
9.624296
9.257576
9.03615
8.852969
8.727945
9.148968
9.255188
8.706828
8.900684
8.880641
9.684747
9.605697
9.829231
9.023503
9.21566
9.769696
9.509621
9.345059
9.421392
9.069223
8.330605
7.841912
8.062612
7.625606
7.509604
6.54639
5.99767
6.162495
5.912541
6.28381
5.987346
6.098886
5.911137
6.54947
6.583016
7.370708
7.278742
7.465033
7.148539
7.677523
6.695721
6.790317
6.578863
5.601565
5.927607
6.091654
6.143542
6.608124
6.470533
5.730919
6.001252
6.667091
6.181069
4.953171
4.429735
4.648042
4.51615
5.379019
5.775671
5.237988
5.294333
4.871988
4.550689
4.676132
4.82662
3.952836
4.633711
4.934969
4.618285
4.401305
4.231728
3.663265
3.68486
3.813832
3.146278
3.464965
4.22367
4.006551
4.542054
4.077043
4.120706
4.038183
4.142688
4.590915
3.958953
3.84402
4.19545
3.858462
4.184414
4.533611
4.789761
4.794501
4.456578
4.092228
4.106067
4.266809
4.389881
4.939268
5.083611
4.347107
4.473152
4.907136
4.98326
4.593802
4.775875
4.448191
4.339607
3.515132
3.57136
3.198126
2.857934
3.567442
3.650658
4.375553
3.979697
3.914439
3.601397
3.699245
3.683948
4.001578
3.278174
3.174644
2.611884
2.424713
1.871166
2.679719
2.783753
2.805547
2.408214
2.714615
2.868454
3.293649
3.268189
2.615998
2.96149
2.56264
1.566213
1.723129
1.849173
2.009435
1.675679
2.047527
2.622919
2.750871
2.690773
2.936874
2.1468
1.770853
1.54238
1.587947
0.7751298
0.5104971
0.04457551
0.8183755
0.9133
0.9606928
0.5305562
0.1355463
0.4044809
-0.1720425
-1.13584
-1.131277
-1.253705
-0.9979933
-0.64781
-0.6016576
-0.6253423
-0.6751289
-1.8688
-1.390214
-1.718456
-2.286729
-2.284373
-2.718802
-3.769147
-3.461681
-3.030828
-3.376557
-3.213416
-2.805881
-2.230664
-2.785035
-2.754262
-1.890474
-1.926048
-1.507761
-1.216757
-1.465789
-0.7172603
-0.7040298
-1.109872
-1.650848
-1.692581
-1.443662
-0.05820736
-0.0375579
-0.1566896
-0.6138181
-0.8331663
-0.4648192
-1.025053
-0.9986796
-0.3892928
-0.008125782
-0.01372633
-0.2519423
0.5753666
-0.1777124
-0.1139454
-0.2162442
-0.1674477
-1.299924
-1.583143
-1.430903
-1.420676
-1.399168
-1.460147
-2.314617
-2.315017
-2.269412
-2.720412
-2.631947
-2.535458
-2.262234
-1.600529
-1.451578
-2.329907
-2.875856
-2.869011
-2.624046
-2.036824
-1.839461
-1.999539
-1.823703
-2.548588
-2.765993
-2.573638
-3.290236
-2.825864
-1.956804
-1.932561
-1.497267
-2.097505
-2.398818
-2.129294
-3.32198
-2.941761
-2.449537
-2.270884
-1.950166
-1.303255
-1.426115
-1.434925
-0.8382307
-0.9323371
-0.8077532
-0.7051132
-0.410336
-0.9262021
-0.8013901
-0.8398726
-0.4211129
-0.9395514
-0.8271916
-0.9183368
-1.547216
-1.523713
-1.442412
-1.878384
-2.353197
-1.712241
-1.354762
-1.267234
-1.153577
-0.8237522
0.05904701
-0.2960472
0.2351581
-0.09925489
-0.65532
-1.107772
-1.191132
-0.9973113
-0.9646109
-0.9585184
-1.618241
-1.376243
-0.8886361
-1.70557
-0.2277497
0.1023124
0.1417333
-0.6662419
-0.1690937
-0.9029517
-0.3026691
0.2578734
0.5053038
-0.01322567
-0.2710116
0.396038
0.5909992
-0.08673687
-0.5424973
-0.200341
0.1197427
1.271504
1.710824
1.413692
2.002898
2.424257
2.567814
3.068045
2.183143
1.850159
1.502619
1.855689
2.087792
1.859576
1.643804
1.953731
2.022266
2.85321
2.518786
3.770327
2.847071
3.992696
3.796992
4.315947
4.016851
4.145258
4.099561
4.615601
5.041058
5.456699
5.796483
6.557118
7.494976
7.840451
8.667423
8.911732
8.903404
8.198027
8.277462
7.774697
7.900911
7.451998
6.900714
7.629446
8.409802
7.948004
7.281234
7.758591
7.363817
7.745002
8.00359
7.476585
7.955444
8.400647
8.77727
8.509214
8.56194
8.635149
9.938193
10.19854
10.55944
9.644655
9.105567
8.842621
8.514179
8.443697
9.566692
9.972025
9.194323
8.880145
8.689806
8.962998
8.634741
8.756939
8.057936
7.729834
8.918001
8.850303
8.631347
8.578364
9.049656
8.923731
9.14457
9.400059
9.14666
9.645655
9.530002
9.916451
10.13625
10.24769
10.31951
10.72186
10.73715
10.30075
9.984625
10.31978
10.60378
9.986362
9.709804
10.00006
9.912202
9.758054
8.94574
8.27395
8.24453
8.352286
8.54204
8.122481
8.515401
8.217693
8.298437
8.468087
8.64713
8.248471
7.634614
8.270738
7.647265
7.652386
7.641549
7.553793
8.329815
7.883261
8.696499
8.602646
8.36274
8.247731
9.05001
8.407004
8.925398
9.081626
9.171606
8.609781
9.070289
8.485821
8.166254
9.1668
9.482297
10.30438
9.846013
9.006543
8.213093
8.171164
7.290368
7.758691
8.096975
8.057025
8.161768
7.126929
7.075777
7.627205
7.732344
7.446822
7.037673
6.890694
7.205196
7.503645
7.854323
6.700712
7.027499
7.160861
6.774763
6.274008
6.661152
6.862094
6.789573
6.187495
5.535052
5.881515
6.008934
6.333122
6.576653
6.338382
5.712229
6.532916
7.180215
6.720265
6.926426
7.272146
7.641673
7.876404
9.053858
9.063763
9.138569
9.878189
10.75751
10.44908
10.22805
11.56887
11.18643
10.75474
10.35914
10.17185
10.3051
9.948492
10.19806
10.03576
9.52246
8.754212
8.568159
9.033761
8.36013
7.91089
7.701672
7.48889
7.217789
6.88805
6.393519
6.572127
7.098144
7.148522
7.80806
8.163517
8.63464
8.285388
7.225893
6.503316
6.137689
5.259074
4.636548
5.179061
6.294654
6.651462
6.58934
6.348667
6.361689
5.858009
6.371664
6.519481
7.458892
7.371706
6.908397
6.239088
5.493535
5.507158
4.849396
4.688005
3.898899
4.614358
4.33629
4.719024
4.580757
4.776402
4.667259
5.180646
5.478255
5.696562
6.000547
6.865312
6.546287
6.816192
6.378297
5.989199
6.450706
6.180532
5.387595
5.794608
5.133315
4.085747
4.569632
4.677171
4.299079
4.101683
4.489901
5.480925
4.495644
3.695578
4.064452
4.405289
4.838137
5.16052
4.837358
5.02847
4.228711
3.684512
3.254115
3.296051
3.441409
4.304046
3.782226
4.1195
3.737987
3.210864
4.054599
3.875979
3.752637
3.125687
2.311523
1.72592
1.335069
1.490257
1.214919
1.48169
1.10221
1.176609
0.9653096
1.42117
1.206284
1.599612
1.090063
0.5054346
1.434031
1.027515
1.45771
1.989726
0.9678115
0.8210297
0.4644436
0.7395348
0.3172757
-0.03792744
-0.07208722
0.137984
-0.9523278
-1.295364
-0.642236
-1.238121
-1.075674
-0.9750155
-1.392407
-1.125692
-1.841756
-3.024623
-2.386137
-2.847078
-2.39224
-2.030473
-2.389513
-2.367856
-3.302706
-2.728726
-2.768043
-2.479161
-2.837537
-3.1643
-2.8001
-2.694171
-2.962112
-3.217825
-2.971584
-2.232413
-2.357006
-2.097717
-1.35947
-1.559837
-1.105554
-0.7973441
-1.133162
-1.457673
-1.732105
-2.311566
-2.400996
-2.82603
-3.198491
-2.750517
-3.260267
-2.852126
-2.947032
-2.281145
-1.60736
-1.453674
-1.133084
-1.003302
-1.433468
-1.038706
-0.9781396
-0.6349592
-0.7546618
-0.7560095
-0.1403181
-0.8645712
-0.880766
-0.9429088
-1.786722
-2.046345
-2.735515
-2.318982
-3.1868
-2.905166
-2.96295
-2.695258
-2.76698
-3.40689
-4.045579
-4.029748
-3.512728
-3.339923
-3.259532
-3.035994
-2.608221
-3.104851
-3.490131
-3.22195
-2.910756
-2.431645
-1.922307
-2.122719
-2.866432
-3.140539
-2.665241
-2.849103
-3.525879
-3.657583
-4.552853
-5.358027
-4.700408
-4.419177
-4.55874
-5.052115
-5.364765
-4.723101
-4.214136
-3.7885
-3.448914
-3.453189
-3.050807
-2.721687
-2.073234
-2.445301
-2.629088
-2.842457
-2.286709
-1.815564
-1.679822
-1.911974
-1.046852
-1.14014
-0.8953327
-1.504459
-1.788237
-2.011771
-2.359235
-1.974211
-2.455184
-1.527358
-1.52451
-2.292475
-2.702453
-2.788867
-3.031528
-2.519716
-2.835359
-2.739487
-3.766339
-3.74183
-3.942424
-3.924094
-3.80216
-3.95154
-3.650501
-4.43487
-5.715476
-5.776704
-6.25665
-5.842962
-6.826776
-7.838877
-8.372684
-8.894472
-8.390012
-7.730858
-7.862821
-8.511354
-9.43386
-10.03101
-10.51565
-10.4202
-11.38673
-11.65156
-10.88596
-11.48817
-11.39386
-11.69294
-10.6515
-11.41301
-11.13798
-10.92816
-11.00968
-10.91209
-10.67169
-10.72215
-10.41107
-9.374511
-9.383841
-9.309251
-9.031153
-9.343506
-9.586065
-9.893563
-9.861244
-10.03262
-9.640318
-9.549771
-9.918315
-10.13086
-10.81886
-10.4279
-9.485685
-9.193779
-9.065776
-8.808276
-8.616439
-9.105909
-9.231509
-8.594883
-8.914319
-8.735947
-8.886894
-8.904165
-9.466623
-9.725996
-10.01384
-10.46611
-10.86994
-10.57209
-9.44941
-10.40042
-10.91624
-11.1371
-11.16715
-10.66794
-10.09756
-11.60574
-11.90589
-12.03635
-12.2582
-12.49561
-13.06324
-13.64228
-14.15549
-14.33578
-14.35914
-14.46228
-14.59189
-14.61303
-15.55029
-16.24261
-16.46336
-16.80398
-16.90583
-17.29699
-16.90803
-17.09161
-16.83108
-17.39158
-18.48066
-17.58877
-16.81492
-17.14593
-17.43478
-17.21997
-17.77713
-18.12925
-18.83458
-18.40339
-18.24571
-18.21401
-17.8579
-18.1234
-17.80225
-18.30402
-18.09365
-17.83358
-17.82629
-17.55113
-16.99527
-17.85567
-17.72112
-17.51991
-18.56584
-19.25568
-18.86381
-19.53045
-19.63646
-19.75957
-19.6062
-19.54533
-19.86809
-19.78666
-19.06546
-18.81196
-19.36655
-20.42999
-20.84492
-22.04791
-22.06091
-21.78447
-21.94439
-22.36072
-22.17845
-22.13065
-21.77968
-21.41138
-21.58527
-20.46557
-19.79416
-19.39209
-19.53394
-19.42038
-19.64702
-19.4821
-19.20426
-18.97709
-19.03579
-19.09892
-19.05975
-19.49193
-20.12606
-20.16432
-20.59825
-20.51357
-20.32171
-19.83832
-19.71003
-20.26327
-20.29408
-20.1872
-20.36776
-20.15923
-20.17876
-20.52158
-20.75864
-20.63083
-20.15232
-20.04453
-19.66569
-19.72511
-19.50369
-19.03441
-18.84728
-18.60928
-18.53916
-18.97046
-19.07645
-19.79234
-19.2982
-19.53382
-19.30203
-18.71954
-18.82735
-18.86198
-18.98866
-19.25027
-19.22171
-20.04353
-20.3725
-21.11503
-21.46181
-21.03458
-20.876
-20.5505
-20.59757
-20.53928
-21.24596
-20.74392
-19.95256
-20.77333
-20.62084
-20.89294
-21.25147
-20.39616
-19.83351
-19.68899
-20.09367
-20.22667
-20.89736
-21.55153
-21.38425
-20.68755
-20.28758
-20.54046
-21.42412
-21.32883
-21.43798
-20.59725
-20.47793
-20.2172
-19.99364
-20.10718
-20.42085
-20.07103
-19.05814
-18.07585
-18.3899
-17.86362
-17.82589
-17.7609
-17.3758
-17.96098
-17.70655
-18.11231
-17.73921
-17.88508
-17.64989
-16.80877
-16.97662
-16.72803
-16.27329
-15.54456
-14.9018
-14.41967
-15.27228
-14.72676
-14.20531
-14.51546
-14.80137
-13.21868
-13.11715
-13.55376
-14.33701
-14.4952
-14.69636
-14.86571
-15.45082
-15.6795
-15.72528
-16.11629
-16.65727
-17.21109
-16.98324
-16.91927
-17.22348
-16.94606
-16.15084
-15.33266
-15.32841
-14.92692
-14.41962
-14.3872
-14.45974
-14.98862
-15.00875
-14.0147
-14.3943
-14.3945
-14.74165
-14.93457
-15.27496
-14.87506
-14.29908
-14.34436
-14.19781
-13.91269
-14.131
-14.03584
-14.2995
-14.60002
-15.14087
-14.82562
-14.28799
-13.44094
-13.44848
-13.67289
-12.89601
-12.97244
-13.08478
-12.88646
-13.12549
-12.07255
-12.48214
-12.52279
-13.45644
-14.00327
-13.72738
-13.37769
-13.07589
-13.74796
-13.72998
-13.0223
-11.92589
-11.86539
-11.34808
-12.08646
-12.04505
-12.19087
-12.29089
-12.01631
-12.07123
-11.99987
-11.51292
-11.02078
-10.10719
-10.21249
-10.34242
-10.38266
-10.22731
-10.87743
-10.97529
-10.39996
-9.99713
-10.44406
-10.45696
-10.41695
-10.84428
-10.00724
-9.9569
-9.404517
-10.16127
-10.18951
-10.29861
-11.20182
-10.88002
-11.61037
-11.09984
-11.39124
-10.59605
-9.991567
-9.660316
-9.317141
-9.04647
-9.180443
-8.987124
-8.476361
-8.076709
-7.141367
-7.222957
-6.783374
-7.122768
-7.273718
-7.330474
-7.083636
-6.693511
-7.27061
-6.795362
-6.444481
-5.575051
-5.94617
-5.663009
-6.444443
-6.206296
-6.351216
-5.866531
-6.488525
-6.407154
-6.663309
-7.076053
-7.01507
-6.52353
-5.948388
-6.804809
-7.114652
-6.830786
-7.008356
-7.099117
-6.906078
-6.274542
-6.579644
-6.270918
-6.63816
-6.210269
-5.886811
-5.41806
-4.69895
-4.684425
-4.270594
-3.996719
-3.959955
-4.122778
-4.253692
-5.068949
-4.965713
-4.827269
-5.141077
-4.820279
-4.853837
-4.99196
-5.199363
-5.076708
-5.455159
-5.558274
-5.876144
-5.594398
-5.359348
-5.716664
-5.506519
-4.918199
-4.989639
-5.50558
-5.868751
-6.419997
-6.460335
-6.035216
-6.131184
-5.60501
-5.059819
-4.773857
-4.083919
-3.633281
-3.789964
-4.070784
-3.369775
-3.05149
-3.254636
-2.752171
-2.219439
-1.75923
-1.699678
-2.242838
-2.41295
-2.114851
-2.012744
-2.000064
-1.96727
-1.540793
-1.699605
-1.796076
-1.414305
-2.058936
-2.544117
-2.74251
-2.637045
-2.177114
-1.747591
-1.748862
-1.815316
-1.950064
-1.706581
-0.9611083
-0.8228901
-1.494909
-1.524673
-1.60608
-1.647487
-2.030422
-2.090965
-2.436958
-2.917918
-3.468695
-3.578748
-3.719995
-4.034558
-3.904411
-4.696811
-4.91296
-5.042968
-4.674579
-4.572996
-4.719172
-4.073624
-4.173995
-3.538946
-2.907238
-1.18931
-0.7906254
-1.004782
0.1452835
-0.00636373
-0.6432759
-0.2956361
-0.6004604
-1.076372
-1.506001
-1.187638
-1.616285
-1.906125
-1.715648
-1.06271
-1.051641
-0.2542076
-0.1952111
-0.9773641
-0.4171093
-0.1618974
0.3633519
0.8645361
1.631454
2.558844
2.198384
1.968032
2.176192
2.668742
2.822812
3.04033
3.050062
2.802609
3.065628
4.338453
4.311303
4.801788
4.12289
2.892935
2.633413
2.514132
3.006207
2.654507
2.607499
2.813265
3.175859
3.330204
2.549817
2.178436
1.756042
2.256657
1.401684
0.7616331
0.9086866
0.8849761
0.7526307
0.4011135
0.8800921
0.3586077
0.6560411
-0.02845114
0.6355394
0.9718643
0.5311803
1.311218
1.152111
1.17994
0.7604337
0.3776786
0.1821853
0.07481416
-0.4696489
-0.5762983
0.2004677
0.3322155
-0.5185699
-0.9531849
-0.238479
0.03868944
0.1313705
0.4747174
0.5843136
1.050971
0.8983705
0.3177134
-0.249626
-0.3585675
-0.5596274
-0.7868488
-0.4530266
0.3974031
0.2882232
-0.161614
-0.06338866
0.6730781
0.545582
0.1839036
0.830989
1.995082
1.870883
2.003298
2.280747
2.53659
1.672164
1.510557
0.7829828
0.3003047
-0.1284239
-0.387311
0.01491289
-0.235567
-0.8066073
0.3599669
-0.5505374
-1.131269
-0.9207492
-1.340558
-0.9827306
-1.308601
-1.361463
-1.260926
-0.7867892
-0.8171547
-1.546155
-1.068534
-1.546544
-1.505
-1.455109
-1.365431
-1.909124
-1.997604
-1.460634
-1.097423
-1.516733
-2.074528
-2.178284
-1.490313
-0.8295825
-0.3401902
-0.955296
-1.68737
-2.248748
-2.589981
-2.329689
-2.448377
-2.242276
-2.261549
-2.470385
-2.441044
-3.301219
-3.965616
-3.320068
-3.749561
-3.81225
-3.440071
-3.881378
-3.669972
-3.945178
-3.486783
-3.27746
-2.268304
-3.166218
-3.03633
-2.812076
-2.210257
-2.398538
-2.196268
-2.209127
-2.944444
-2.468958
-3.619775
-3.131189
-3.878667
-3.985145
-4.416691
-5.051727
-5.404839
-4.865794
-4.972786
-5.110875
-5.424247
-5.549132
-6.027912
-5.558966
-5.568981
-6.000735
-5.785889
-4.825904
-4.163514
-4.338459
-5.183376
-5.28228
-4.880813
-5.20597
-4.753768
-4.930411
-3.900653
-3.724304
-3.0488
-3.319398
-3.09782
-3.187488
-3.102085
-3.205162
-3.518098
-2.674494
-2.762034
-2.556096
-2.961413
-3.329542
-3.489624
-3.906714
-4.947767
-5.335729
-5.454885
-5.388711
-5.747609
-6.095063
-6.615573
-7.156526
-6.805932
-6.289098
-6.435418
-6.35459
-6.19093
-6.492238
-7.075415
-6.349887
-5.964423
-6.266555
-5.764574
-5.862365
-6.673453
-6.624337
-6.093673
-6.095564
-5.686192
-5.626078
-5.568446
-5.382681
-5.202017
-5.409462
-4.739618
-4.558542
-5.19292
-5.011021
-5.414682
-5.156916
-5.675593
-5.655687
-5.657411
-5.471908
-5.212958
-4.59161
-5.06876
-5.000709
-4.813983
-5.155987
-4.55253
-3.554476
-3.972674
-4.122712
-4.239936
-4.288238
-4.627975
-4.708716
-5.075108
-5.450692
-6.027305
-5.997569
-6.281774
-5.931172
-6.702045
-6.546208
-6.496652
-6.995731
-7.172208
-7.900964
-7.641586
-7.776679
-8.139115
-7.883695
-7.078101
-6.632197
-6.736458
-6.796255
-6.796538
-6.696706
-7.372733
-7.003457
-6.898262
-6.912447
-6.454801
-6.011783
-5.265252
-5.4424
-5.62287
-5.194333
-5.011526
-4.740833
-5.852503
-5.967522
-4.926234
-5.220624
-5.432193
-3.714212
-3.543353
-2.782817
-2.664597
-2.853837
-2.841491
-3.292853
-3.2454
-2.807514
-2.1505
-3.446573
-3.48067
-3.383483
-3.626832
-4.257258
-4.730934
-5.830132
-5.863381
-5.955752
-5.013509
-5.750878
-5.891392
-5.633343
-5.830318
-5.962863
-6.024205
-5.372242
-5.118289
-5.814476
-6.568035
-6.192839
-7.07411
-6.946455
-7.253724
-7.123845
-7.032483
-7.627854
-7.23432
-7.218149
-7.210609
-6.875236
-7.15454
-7.834474
-8.4762
-8.817269
-8.918139
-9.373791
-8.454839
-7.789782
-8.020799
-7.875457
-8.368665
-8.175279
-7.572898
-8.402308
-9.135877
-8.30977
-8.433102
-8.375036
-8.103294
-8.193684
-8.992875
-8.652997
-7.913986
-8.429652
-8.4004
-9.083258
-9.394756
-9.367462
-10.09967
-10.34304
-10.01821
-9.943647
-10.09036
-10.00182
-10.04903
-10.4978
-9.872703
-9.290996
-9.439018
-9.791254
-9.799469
-8.991273
-8.771212
-8.870909
-9.880297
-10.25395
-10.19116
-9.789255
-9.252238
-8.552377
-8.315251
-8.143005
-7.422332
-8.053652
-7.871878
-8.245647
-7.490445
-7.610495
-7.356715
-7.548394
-7.737081
-7.991354
-8.360487
-8.11893
-7.746461
-7.642486
-7.461357
-7.151713
-6.952593
-6.868488
-6.254264
-6.590643
-6.103069
-5.742779
-5.258686
-4.092008
-4.144078
-4.486166
-4.186557
-3.411087
-3.789359
-4.812101
-5.930923
-5.914789
-5.153042
-5.789872
-5.431415
-4.548021
-4.460067
-5.003612
-4.766744
-4.145234
-4.021106
-3.316013
-2.326095
-1.767186
-1.797212
-0.6038565
-0.6617405
-0.9404829
-0.4931081
-1.28196
-0.972004
-1.373761
-1.175802
-0.9334031
-2.195566
-2.404883
-2.510515
-3.105857
-2.91621
-2.710451
-2.938351
-3.064615
-2.524328
-3.428839
-3.459157
-3.706303
-3.915179
-3.490704
-3.550515
-2.970376
-3.790524
-3.074022
-3.018835
-3.671374
-3.83595
-3.471091
-2.760721
-3.360573
-3.88154
-4.493457
-4.386736
-3.579475
-3.206455
-3.667987
-4.141749
-4.136648
-4.215653
-4.759398
-5.287433
-5.872282
-5.13198
-5.850761
-5.216315
-4.98548
-5.100522
-4.304689
-4.106861
-3.569962
-4.195098
-3.814607
-3.870286
-3.419399
-2.412364
-2.656791
-3.477317
-4.431512
-4.461887
-4.44513
-5.118397
-5.555927
-5.258955
-4.45506
-4.136816
-3.428342
-3.499574
-3.12937
-3.445998
-2.622613
-2.326346
-2.4007
-1.615831
-1.786094
-1.057084
-0.1635704
-0.2623259
-0.1714538
-0.7314321
-0.5479059
-0.08652833
-0.3246215
0.01944746
-0.652108
-1.060374
-0.01350401
0.07963384
-0.5313475
0.1864383
0.9737778
0.5286808
-0.08616506
0.4087717
0.8178247
0.3166847
-0.1540458
-0.6069685
0.02307529
0.2545967
0.02283706
-0.6608931
-0.5250845
-0.369937
-0.3075051
0.2136706
0.2529915
0.2477596
0.2972299
0.5429315
0.9441955
1.236927
0.03061602
0.5973438
0.676721
1.410745
1.317859
1.222758
0.9231541
1.44071
1.153452
1.038777
1.067678
0.7417547
0.8975275
1.427229
1.212825
1.354912
0.7944652
1.198113
1.500361
1.450674
1.499363
1.676952
1.568282
1.429828
1.454077
1.73538
1.835209
1.750056
1.658815
1.976554
2.168058
2.703669
3.017012
2.6419
2.82732
3.123364
3.090708
3.14974
3.805159
4.293162
3.90922
3.789554
4.521826
4.698855
5.071939
5.437269
5.765992
5.301723
5.637511
5.584437
5.947632
6.543475
6.818845
7.386899
7.438383
6.344776
6.646854
6.920239
7.479409
7.590461
8.482917
9.006013
10.28934
10.57714
10.78236
9.925723
10.37309
10.16884
10.39087
11.18346
10.45575
10.32278
10.0611
10.33797
9.899537
9.211773
9.7917
9.27944
9.490949
9.213719
8.680606
9.013707
8.322994
8.00304
7.846724
8.268625
7.970383
8.393893
7.858102
7.693661
7.507013
6.867523
7.330262
7.239808
6.34478
5.504562
5.938072
6.653847
6.98065
5.619047
4.890904
5.350163
5.51586
5.349019
5.429565
5.049407
4.470809
5.728065
5.357803
4.46995
4.238732
3.217538
1.855682
1.867239
2.083337
2.779163
2.685764
2.642992
3.347979
2.552855
1.838213
2.047628
2.170305
1.967267
1.997073
0.926794
0.5635397
0.4582085
0.5953973
0.2976944
0.8614134
0.9868005
1.293803
1.244285
0.7709497
0.8854369
0.05590006
0.4132599
0.6376877
1.555811
1.2591
1.324798
1.399009
1.656268
1.234464
0.9742322
1.11307
0.8074562
0.1768771
0.04565975
1.116835
0.1368088
-0.1094285
0.4276681
1.057612
1.136433
0.4798569
0.4994729
0.6909125
1.208074
1.012797
0.9839736
1.224906
0.4218349
0.421156
1.141233
1.316435
1.483717
1.500835
2.435947
2.265666
2.604416
2.443574
2.011908
1.965317
2.562722
2.049451
1.580743
1.913231
2.40305
3.093429
3.239426
2.965769
1.882829
2.451427
2.472033
3.487995
3.365598
2.982298
3.212891
3.763775
3.476141
3.489043
3.479073
2.887517
2.79046
3.099884
3.121336
3.287331
3.573398
3.209788
3.416112
3.582599
2.419709
2.463525
3.229273
3.489645
2.913508
3.426502
2.880369
2.364454
1.737736
1.835152
0.6527807
0.9052039
0.4710055
1.435852
2.21606
2.439717
1.622529
1.342199
2.235218
3.057296
2.913302
2.5195
1.992356
1.511202
1.010706
1.06758
2.039253
1.777974
2.375118
2.448087
2.151348
2.871641
2.019088
1.075214
0.7775176
0.4371768
0.7670887
0.4809876
0.8043413
1.490825
1.455409
1.89315
1.838794
2.094954
0.9671021
-0.1202947
-0.4741077
-1.01171
-0.8392912
-0.6683966
-0.5236335
-0.4598879
-1.253126
-1.260878
-1.644789
-1.954936
-1.488177
-1.464024
-1.625539
-1.181705
-1.21554
-0.9637389
-0.6162324
-1.227773
-1.014832
-1.068894
-1.167626
-1.505748
-1.119824
-0.9201683
-0.635714
-0.623588
0.5111185
1.445294
0.5868268
0.2174469
0.9084821
0.5459432
0.686132
1.054963
1.592788
1.5305
1.693757
1.028298
1.160846
1.567808
1.823942
1.39406
1.020682
1.215213
1.557444
1.127731
-0.1288342
-0.2428407
-0.06745865
0.01751075
0.7598102
1.507304
2.140362
2.902722
2.979916
2.584539
2.642673
4.46528
4.458753
5.044155
5.768753
5.644112
5.976581
5.672664
5.169014
5.838441
5.858009
6.538928
6.755152
6.625994
7.082615
6.934746
6.936088
7.020224
7.347126
7.910096
7.233295
6.898427
6.647213
6.627337
6.685356
7.251181
7.798511
7.995187
8.796952
8.01126
8.602921
8.660325
8.336531
8.499789
9.176652
8.372449
7.964913
6.952344
7.246104
7.123715
6.868311
6.972236
7.253206
6.879178
7.005065
5.980601
6.031818
5.426265
5.246442
5.203143
4.982212
5.744217
6.186814
5.798876
5.879754
6.008564
5.97993
4.999424
4.828615
4.885641
4.585166
4.197396
4.006018
3.976554
4.212337
4.619054
4.511045
4.880166
5.102973
5.114558
5.218973
5.56604
5.768261
5.103678
5.075046
4.170624
4.157884
4.294634
4.49709
4.627511
4.723276
4.521961
5.180083
4.294597
5.448924
5.496646
5.076972
5.125073
5.281973
5.833614
5.444591
5.249428
5.10015
5.262578
5.411197
5.474523
5.323557
5.622023
6.10719
6.907583
6.513668
6.422025
6.422992
6.857404
6.52549
6.646648
7.052533
6.488676
6.288511
6.301765
6.804231
6.714942
6.938626
7.610683
7.336343
7.288496
7.046427
6.671469
6.672759
6.972114
6.273942
6.676728
6.64948
7.44601
7.219009
5.928598
5.537861
5.196125
5.871874
6.265111
6.105748
6.576322
7.136313
6.669648
6.417884
5.960308
6.392617
6.438819
6.66781
6.984974
7.462644
6.775809
5.991778
5.75743
5.72166
6.077608
5.939668
6.412004
5.922503
6.224055
5.73229
5.389373
5.087086
5.669875
5.331959
5.474805
5.51014
5.722932
5.24981
5.465046
5.552973
5.934383
6.161156
5.605569
5.947835
5.653712
5.980356
5.215731
4.471213
4.043591
3.498578
3.22981
2.634936
3.599687
3.511153
3.450401
2.949555
2.121417
2.507729
2.964066
2.571088
2.915099
3.402233
3.420882
3.135814
3.122309
3.854917
3.675477
3.20753
3.428595
3.60512
3.641482
3.174831
2.90944
2.271559
1.627067
1.989942
0.8121645
0.9247812
1.133313
1.586847
0.4006508
-0.1050415
0.04698062
0.3440887
0.190911
-0.3157973
-0.4532433
-0.2850178
0.311201
0.3685058
-0.5900912
-0.1727402
-0.323769
-0.8140991
-0.8100171
-1.476334
-1.546245
-2.025932
-1.715987
-1.223827
-0.6453254
-0.4070955
-0.3387348
-0.8213469
-1.118998
-1.056549
-1.642048
-1.870637
-2.909834
-3.350894
-3.749623
-3.253589
-2.917446
-2.256764
-1.579114
-1.095764
-1.558931
-2.265044
-2.473595
-2.148674
-2.0354
-1.088556
-0.7671996
-2.15344
-2.487232
-3.413679
-2.858315
-4.059173
-4.467299
-4.845867
-5.016911
-4.091718
-4.828359
-5.006253
-4.153807
-4.366775
-4.467902
-5.176551
-5.03659
-5.396472
-4.456094
-4.684008
-4.000494
-3.56909
-2.984505
-3.935439
-4.153262
-4.545014
-5.004376
-5.245176
-5.542914
-5.610792
-5.747171
-5.167629
-4.413407
-4.609033
-5.387384
-5.153534
-5.159062
-6.049766
-6.511659
-6.427992
-6.437677
-5.778638
-5.16883
-5.787566
-5.523487
-5.290961
-5.54742
-5.913148
-7.197348
-7.990027
-7.725449
-7.310779
-7.835657
-8.880447
-9.442517
-9.630122
-9.571054
-9.876773
-10.25058
-9.42668
-9.629114
-9.046404
-8.685827
-8.508612
-7.312601
-7.419955
-7.570322
-7.481529
-7.657427
-7.509101
-7.114586
-7.492229
-7.049139
-8.283799
-9.531197
-9.80387
-9.797021
-9.538539
-9.771518
-9.538315
-8.025284
-8.040879
-7.91955
-7.303249
-7.388027
-6.965963
-6.968005
-6.872012
-7.308043
-7.397319
-7.606222
-7.776692
-7.118145
-7.348595
-7.619416
-7.816279
-7.047866
-6.566711
-6.695798
-6.070292
-4.769978
-4.964553
-4.551628
-3.870737
-3.904209
-4.173104
-4.13636
-4.510229
-5.267582
-5.823127
-5.573889
-4.540099
-4.072502
-4.102553
-3.561634
-2.804452
-3.583499
-4.414778
-3.059251
-2.456897
-0.9682048
-1.018452
-1.127949
-1.78378
-2.364165
-2.299851
-1.824128
-1.804716
-1.183632
-0.3460381
-0.7283931
-0.1194775
0.06323384
-0.3295364
-0.5372489
-0.05974558
-0.8090925
-0.319279
-0.9735033
-2.732383
-2.466431
-2.473603
-2.205987
-2.060763
-2.3249
-2.582114
-2.591317
-2.517688
-2.601882
-2.164992
-2.502364
-1.760799
-1.234167
-0.543743
-1.205906
-1.436035
-0.8446024
-0.9590174
-1.113854
-0.1636297
0.9302432
1.301309
0.9333676
0.7683987
1.821443
1.847712
1.424329
1.256238
1.045599
1.357914
1.730148
1.275433
1.215105
0.8838205
0.09271551
0.8811265
0.7958445
1.11185
1.186998
0.8891767
0.8579884
0.7600673
0.7785429
0.4224134
0.3790522
0.314731
0.2215714
3166
-3.243164
-3.370744
-3.589577
-2.843766
-2.826741
-3.408059
-3.834898
-3.61544
-2.98057
-3.540717
-3.434297
-4.056703
-4.236112
-4.445163
-4.719633
-5.1602
-5.269927
-5.409479
-5.990567
-5.196496
-5.309056
-5.52728
-5.426437
-5.605798
-5.682027
-5.901362
-6.028812
-6.172407
-5.422907
-5.591421
-5.537639
-5.611872
-5.938394
-5.205674
-5.76958
-4.89924
-5.150579
-4.307044
-4.38488
-3.908244
-3.449739
-4.337391
-3.943468
-4.044644
-4.003444
-3.870256
-4.052437
-4.021474
-4.191235
-4.266151
-4.654427
-4.851942
-4.33343
-3.984957
-3.98243
-3.609665
-2.865481
-2.062566
-1.075785
-1.425605
-1.167235
-1.372161
-1.196842
-1.491633
-1.592298
-1.83404
-2.29296
-3.157735
-3.44974
-3.051407
-3.154024
-2.246961
-2.335048
-1.566445
-1.884167
-1.477435
-1.633427
-2.207332
-2.460328
-2.505383
-1.916311
-0.8016424
-0.7258122
-1.34025
-1.94333
-1.739804
-1.720264
-1.472464
-1.213754
-1.444812
-1.484088
-1.245105
-1.334797
-1.39597
-1.607677
-1.472246
-1.106569
-1.086293
-1.673376
9441523
-1.095522
-1.108531
-1.154702
-1.247275
-1.382618
-1.405539
-1.45224
-1.675853
-1.456624
-1.496998
-1.589944
-1.548809
-1.631415
-1.671641
-1.759587
-1.796208
-1.875841
-1.672775
-1.720511
-1.715512
-1.757097
-1.889483
-1.708394
-1.899683
-1.656273
-1.7465
-1.503656
-1.547504
-1.428825
-1.3231
-1.642238
-1.544238
-1.581546
-1.565191
-1.528988
-1.586655
-1.556189
-1.621359
-1.636701
-1.771645
-1.878127
-1.786757
-1.723834
-1.766856
-1.685711
-1.478434
-1.204164
-0.840368
-0.889689
-0.766241
-0.7592354
-0.6485222
-0.6637574
-0.6444823
-0.6984391
-0.8007158
-1.054682
-1.154931
-1.054653
-1.105143
-0.8322321
-0.8511033
-0.6236012
-0.7566276
-0.6776931
-0.744456
-1.019538
-1.163892
-1.230059
-1.083634
-0.7631397
-0.7442796
-0.9380138
-1.136332
-1.089058
-1.068671
-0.9380025
-0.770996
-0.7215206
-0.6469553
-0.4422396
-0.3324512
-0.254644
-0.2606136
-0.1592064
0.02025137
0.09403441
-0.05126716
