0.672301
0.6065473
0.6326325
0.5712422
0.6530187
0.6712746
0.5941123
0.6314849
0.6329593
0.7246005
0.6502863
0.5668531
0.7319108
0.6483473
0.6288907
0.67128
0.6568471
0.7102682
0.6038192
0.5709607
0.6502354
0.9126633
0.6753191
0.6341168
0.5560748
0.581607
0.6989367
0.7166577
0.6459539
0.8509611
0.7074611
0.7925691
0.7513393
0.6677954
0.6817687
0.7746492
0.6418407
0.6220727
0.7087537
0.6831723
0.6465626
0.6657012
0.7825708
0.5685377
0.6534606
0.5906552
0.617515
0.6164076
0.7270675
0.6318889
0.6962617
0.6620406
0.7426287
0.7243766
0.7635122
0.5706643
0.9537672
0.7739891
0.7349325
0.6659904
0.740259
0.656053
0.5869884
0.8940568
0.6989064
0.6145068
0.743858
0.7497336
0.721719
0.7303666
0.6147429
0.6154318
0.6654426
0.7919391
0.6664156
0.662381
0.7092281
0.6367388
0.7890639
0.7574216
0.8521362
0.6392111
0.7285866
0.7674295
0.8382512
0.8017517
0.6955976
0.6574
0.7464135
0.6186511
0.6409851
0.7227383
0.7138865
0.6879559
0.6813486
0.8240356
0.7646742
0.7223034
0.704749
0.781992
0.669596
0.6233338
0.6353202
0.6598438
0.6933548
0.6873693
0.5889234
0.6684835
0.8266447
0.700559
0.6780842
0.6783652
0.635202
0.7281141
0.7920161
0.6656384
0.7846319
0.7507771
0.702132
0.7007439
0.6945614
0.6795676
0.7647617
0.8856195
0.7051075
0.7476556
0.6658361
0.8004418
0.606975
0.6409963
0.7360828
0.8505261
0.6622422
0.6815654
0.75921
0.6459657
0.6741396
0.7213662
0.8736199
0.711876
0.7612285
0.7998559
0.6425775
0.8095271
0.7704589
0.7095599
0.6604136
0.721433
0.6919708
0.6523578
0.684323
0.6324335
0.6432446
0.7105085
0.7044517
0.7597827
0.6680239
0.6607495
0.6527357
0.6935412
0.7005291
0.6277519
0.6813564
0.7947218
0.690664
0.6833421
0.7853066
0.6053744
0.6328663
0.5707783
0.6322635
0.6445532
0.6596645
0.7658401
0.821516
0.6779411
0.7124955
0.605487
0.76225
0.7087065
0.7203677
0.6494273
0.5990382
0.6699604
0.8499858
0.7731993
0.8095214
0.776938
0.8589594
0.9408144
0.8486402
0.655407
0.6231679
0.7004435
0.6940218
0.7508874
0.7844155
0.7369325
0.6340072
0.6790782
0.7391766
0.7224712
0.7647114
0.7525891
0.656903
0.7050794
0.6506572
0.8242817
0.8744216
0.8490621
0.7627522
0.6822396
0.6211795
0.7948996
0.816263
0.6339602
0.7198381
0.6777064
0.7215319
0.6566981
0.7461908
0.8018546
0.9469838
0.7416092
0.8401759
0.7387437
0.7188707
0.7441136
0.8240851
0.6677835
0.7833122
0.7956193
0.7000155
0.7848445
0.7565368
0.7193364
0.7641028
1.081731
0.7336913
0.7018463
0.7470547
0.6556885
0.6984332
0.8872562
0.8035199
0.8501875
0.7679794
0.7047793
0.7401961
0.6836159
0.6879779
0.6845896
0.6130006
0.6680938
0.6120296
0.7685625
0.827553
0.7576337
0.7324228
0.6334042
0.7600224
0.5995414
0.6364896
0.7809176
0.7440319
0.6882785
0.7627029
0.7964409
0.6722601
0.659316
0.7255532
0.9085826
0.7749186
0.8072632
0.7835765
0.6787238
0.6709888
0.9184191
0.6987027
0.8203819
0.9424431
0.7368333
0.7432886
0.6291284
0.7572171
0.7635795
0.9358722
0.8665612
0.7500273
0.7514897
0.6621872
0.6422111
0.5881981
0.6100967
0.6210443
0.7553709
0.6989571
0.7056982
0.6913731
0.6979676
0.5926935
0.7630729
0.77445
0.8479902
0.9260588
0.7327303
0.8089804
0.6448628
0.7738273
0.688815
0.8701734
0.6856095
0.7059293
0.6804609
0.8115267
0.7034393
0.7714064
0.8752024
0.7377558
0.7543938
0.7320054
0.6759024
0.7597133
0.8525417
0.8767918
0.7445103
0.7578503
0.7993302
0.7904138
0.8093282
0.7108539
0.8028737
0.8745426
0.7423371
0.7927771
0.7282681
0.785949
0.8187856
0.6785176
0.762286
0.7565314
0.5828643
0.8799363
0.791718
0.6749315
0.6621997
0.6908884
0.6199148
0.7823479
0.7741873
0.7099611
0.6902437
0.9750678
0.7190267
0.7497386
0.8359555
0.6983005
0.6965312
0.6795811
0.7467092
0.7241096
0.7065878
0.6282005
0.7640154
0.8300484
0.8003408
0.8565703
0.6292488
0.7367995
0.6660762
0.665036
0.8761319
0.6955758
0.8146993
0.7365068
0.7480236
0.7062782
0.5811269
0.6083934
0.7640801
0.6698623
0.708204
0.7274913
0.7209954
0.6151137
0.6856823
0.6520663
0.6708101
0.6775875
0.8791017
0.6665578
0.7461265
0.7618642
0.8314158
0.7237336
0.7090242
0.6403442
0.6122486
0.6778796
0.7960241
0.6490813
0.6801342
0.7307435
0.6580713
0.6920369
0.6705669
0.7994032
0.7707542
0.6460901
0.7920785
0.6914806
0.6345787
0.7297405
0.7591598
0.7125836
0.6158774
0.7229014
0.6185152
0.7812737
0.7170638
0.6588957
0.5824073
0.6611867
0.6705145
0.7850816
0.753362
0.7898836
0.7811463
0.7482069
0.7430373
0.7888109
0.7353883
0.9278301
0.7582821
0.7487016
0.9655726
0.8840441
0.788378
0.6846555
0.7664943
0.7044405
0.8010892
0.6770937
0.8358061
0.5589753
0.6654053
0.6280832
0.6972514
0.7220071
0.7522751
0.8179972
0.8097534
0.8891649
0.8875794
0.7268828
0.7902216
0.8038391
0.8472008
0.755461
0.8251802
0.8581096
0.8863081
0.7254891
0.8390597
0.823286
0.7518234
0.707861
0.7279687
0.7698046
0.8034978
0.7138272
0.7210646
0.8040018
0.6697123
0.7091495
0.6875043
0.7664485
0.6879179
0.7579623
0.7247178
0.6864597
0.8236748
0.6609561
0.8075587
0.7455603
0.8463382
0.7677336
0.7495565
0.6626153
0.7244482
0.7393217
0.71397
0.856639
0.6986257
0.8025039
0.7180078
0.8990418
0.7023874
0.7724474
0.7634355
0.7677914
0.7361488
0.6595987
0.6038518
0.8755403
0.9023103
0.6572359
0.6520281
0.7455261
0.8283026
0.8118982
0.754945
0.7865453
0.7763928
0.5832672
0.7404893
0.8053789
0.790425
0.8270326
0.6317349
0.7921505
0.7587061
0.8606896
0.7719035
0.790963
0.7375968
0.7583624
0.7267651
0.7592966
0.9293104
0.7354099
0.8263436
0.8989159
0.7947485
0.5735336
0.6753832
0.6692254
0.6037784
0.9086996
0.8590813
0.6987735
0.7380577
0.7410018
0.8287133
0.7733798
0.7908315
0.734704
0.914154
0.8051715
0.7666989
0.7663425
0.7798802
0.8102159
0.7359008
0.7437383
0.7130722
0.7289932
0.7975054
0.9872295
0.8284618
0.6341789
0.7601136
0.8315137
0.7263947
0.7183826
0.6364455
0.6397319
0.7259447
0.6528139
0.8636889
0.7436662
0.7073577
0.8760101
0.76139
0.7832121
0.8312045
0.653334
0.6042301
0.6407955
0.7765043
0.7361821
0.6574281
0.7587036
0.7073187
0.791866
0.7177869
0.6993955
0.8006543
0.924216
0.7259084
0.702192
0.8630891
0.8134888
0.7014439
0.7077797
0.7702641
0.7743281
0.7852964
0.7775014
0.6058743
0.6071263
0.6577476
0.6871417
0.957496
0.8214628
0.8202579
0.7631121
0.742866
0.8142607
0.797734
0.6237432
0.6854654
0.9392576
0.6810899
0.8225608
0.7713886
0.642873
0.8091099
0.7596312
0.8693079
0.8071824
0.7517575
0.8912615
0.828386
0.8052227
0.7234257
0.7587594
0.710105
0.7833811
0.8029154
0.8246178
0.6242572
0.7129741
0.7071396
0.6462234
0.8089947
0.7377299
0.9204101
0.7315808
0.7075576
0.8095041
0.871948
0.6873717
0.7355479
0.7136986
0.8558705
0.8151451
0.7230341
0.8593364
0.6586911
0.7337349
0.884818
0.7283445
0.689637
0.8418409
0.8112965
0.6387293
1.079425
0.7928675
0.7418841
0.7158694
0.8213055
0.8829136
0.6680255
0.8198554
0.687956
0.6679418
0.7540082
0.9800829
0.7099967
0.7604848
0.7586223
0.7760379
1.02929
0.9085184
0.8456609
0.7629122
0.7083701
0.6273361
0.6947939
0.7126103
0.7025122
0.7055886
0.7337427
0.7569905
0.6345035
0.7212044
0.8855491
0.6813604
0.692453
0.7652768
0.7832228
0.6163938
0.7388446
0.7944296
0.7565605
0.6249544
0.8470633
0.7040193
0.7987987
0.7609977
0.7373141
0.7531184
0.8387749
0.7774045
0.7863555
0.7418053
0.9556344
0.7553972
0.7811935
0.7868094
0.9105676
0.7770734
0.7337806
0.8080016
0.7991289
0.7603883
0.6736284
0.6954995
0.828402
0.7222094
0.8279316
0.618287
0.6748782
0.7381342
0.6728699
0.7508471
0.5401394
0.8189766
0.7611866
0.6340677
0.7223578
0.6745382
0.786863
0.7517571
0.7345955
0.8582694
0.8529618
0.902733
0.8611019
0.6669527
0.6846055
0.7942599
0.8215733
0.6930857
0.8585823
0.86627
0.7926386
0.6854128
0.814325
0.8746425
0.7261952
0.8285831
0.7776931
0.7074894
0.6364496
0.7507173
0.71416
0.7288947
0.6995003
0.740166
0.6975775
0.7860488
0.7731518
0.9460389
0.7677116
0.5596713
0.6695407
0.6828969
0.7504661
0.7585742
0.6703456
0.8000023
0.8318322
0.8465183
0.7934478
0.8110274
0.7904315
0.8178914
0.7522918
0.7581354
0.7078664
0.8133443
0.8479846
0.8346994
0.8228789
0.7794382
0.6977842
0.7929777
0.8352618
0.7071309
0.626749
0.7133571
0.8193175
0.7944503
0.795628
0.8604599
0.6508066
0.712602
0.7228695
0.7146149
0.8879788
0.7338389
0.6508949
0.7098554
0.6704682
0.7179138
0.7508236
0.7513395
0.6753887
0.8040719
0.7539677
0.7801068
0.6870491
0.7087908
0.7832131
0.8407407
0.7683917
0.803662
0.7424831
0.7221977
0.8181241
0.7647961
0.8644379
0.8313202
0.8154611
0.742899
1.035026
0.7307114
0.7603895
0.7866348
0.8154481
0.6792596
0.7312737
0.67745
0.6904936
0.6178713
0.7544967
0.8219118
0.7571922
0.7449228
0.8248729
0.7298887
0.8550588
0.8409368
0.7840791
0.6279214
0.8436292
0.6641167
0.6188409
0.7489083
0.8878481
0.7506701
0.7453282
0.6266836
0.7136011
0.7491413
0.7983363
0.7451052
0.7077581
0.6990456
0.6156333
0.7666255
0.6249947
0.8638889
0.908526
0.7686879
0.8202468
0.7599888
0.712174
0.9217536
1.079893
0.6759758
0.7674887
0.7099834
0.7924263
0.7376392
0.6093257
0.6496836
0.6737514
0.8742737
0.8640661
0.7241595
0.8208862
0.6212217
0.5888717
0.6826529
0.8697498
0.6274969
0.7505212
0.8517518
0.8017408
0.6912864
0.6114362
0.6735787
0.7147928
0.7365225
0.6439848
0.6905161
0.6756956
0.6634472
0.6223585
0.7056665
0.7276548
0.6438012
0.7876676
0.7221192
0.6760776
0.7146242
0.7350636
0.7752325
0.8028228
0.8188443
0.713626
0.7327086
0.6754789
0.8593252
0.7430464
0.7205797
0.5900227
0.8203344
0.771727
0.7618991
0.7064327
0.7235241
0.7958006
0.6962752
0.6515241
0.7796133
0.7068119
0.7209543
0.713995
0.6311875
0.7234518
0.7965091
0.8156343
0.5836829
0.8246308
0.7575917
0.7354036
0.8155853
0.7593598
0.6980651
0.7498519
0.6485446
0.7086699
0.6957015
0.7389778
0.6906466
0.7883809
0.6748293
0.7298023
0.8971725
0.6821637
0.8596873
0.6063212
0.701316
0.6584184
0.8681782
0.7257672
0.7454876
0.6752507
0.7704672
0.6719664
0.681603
0.8368754
0.7492001
0.7496287
0.7020634
0.710361
0.6765509
0.850641
0.8495721
0.7334613
0.7234298
0.822011
0.7024974
0.6583057
0.6665399
0.8186555
0.8193499
0.8564601
0.6433367
0.8042239
0.5965846
0.6638352
0.7607456
0.7250606
0.7343542
0.7455037
0.7422398
0.8651063
0.7056246
0.9180041
0.8232575
0.7481292
0.7822998
0.831724
0.6547831
0.8060631
0.6855069
0.6709695
0.7779277
0.7039527
0.6889244
0.8062211
0.8203252
0.7634834
0.8037756
0.7885214
0.663979
0.8425563
0.7667732
0.7259184
0.628653
0.8519012
0.6335708
0.7650492
0.6329943
0.6295012
0.6350358
0.7066116
0.6467478
0.7034948
0.6004655
0.6547708
0.647464
0.6682061
0.6974068
0.6687778
0.7460327
0.6972572
0.6663217
0.8593597
0.8115411
0.8103097
0.7164794
0.7279657
0.689944
0.8715957
0.6581981
0.7182955
0.7823749
0.6376706
0.7514592
0.8360146
0.8316446
0.7129651
0.8460914
0.7983554
0.7225716
0.7477604
0.8718613
0.8786382
0.6312722
0.7279534
0.7347844
0.7589418
0.7163303
0.781312
0.8380541
0.725734
0.7352101
0.7912831
0.7105905
0.8094019
0.6740854
0.8659042
0.7893405
0.8274241
0.7184634
0.7462181
0.7114599
0.7161896
0.7419972
0.6025124
0.9370787
0.756974
0.7057224
0.7189888
0.7366034
0.6888852
0.6271041
0.6227294
0.5974255
0.6931499
0.7733406
0.7635783
0.7397844
0.7345189
0.8128915
0.7406022
0.7028431
0.6782954
0.610292
0.6839401
0.6825895
0.791946
0.6614978
0.756373
0.7917199
0.8550777
0.7659128
0.83803
0.8429551
0.656015
0.7254671
0.7568844
0.7008092
0.6811845
0.6475121
0.6821913
0.745489
0.7080326
0.811221
0.7059811
0.7509102
0.7795434
0.6478857
0.7999711
0.808513
0.7915411
0.6479592
0.6918287
0.6504971
0.8008133
0.914865
0.7643559
0.7551153
0.7488449
0.6562473
0.7027518
0.7988145
0.8736245
0.7836397
0.7172157
0.689045
0.7200412
0.7414892
0.8168519
0.5437955
0.7964254
0.6245985
0.7671678
0.8729349
0.7031226
0.7284645
0.6641932
0.6537073
0.652398
0.6145885
0.7390828
0.9143191
0.7461089
0.7034403
0.8121563
0.6589858
0.6117537
0.6621704
0.7241706
0.6926528
0.7986047
0.8282409
0.7894138
0.6607227
0.740142
0.7357293
0.6475106
0.6559956
0.6657843
0.7546967
0.9111012
0.8546975
0.7186889
0.7544698
0.8898139
0.8508006
0.8292527
0.6782838
0.6718888
0.6682393
0.7415596
0.6476938
0.8034021
0.6628555
0.7158685
0.8672724
0.6944766
0.8123992
0.8825371
0.6742717
0.7734754
0.7447516
0.6741381
0.6244645
0.8448296
0.7796953
0.7706516
0.7120067
0.736669
0.7152789
0.7866842
0.7777286
0.7723978
0.6935197
0.7752241
0.8571929
0.754252
0.767785
0.6597197
0.7613575
0.7329041
0.7396073
0.7464449
0.8430629
0.8048448
0.8248579
0.7244792
0.6951497
0.8210648
0.733329
0.6931148
0.7279597
1.021416
0.664277
0.8599275
0.8587424
0.7480306
0.6883272
0.8369154
0.7317965
0.8452202
0.7871549
0.7771471
0.7394586
0.8642635
0.7467891
0.8647769
0.7811814
0.7305952
0.6069844
0.7267764
0.7542114
0.6757763
0.8026919
0.7756347
0.7058545
0.6977878
0.7026286
0.7585887
0.6853631
0.7579223
0.8220555
0.8208978
0.7208465
0.7571438
0.6674565
0.6553723
0.7033346
0.6883102
0.7373734
0.8177699
0.7306844
0.8686739
0.9189723
0.5850224
0.6825007
0.6779889
0.8022949
0.7999589
0.6664272
0.6680457
0.7705132
0.8367536
0.5807855
0.6442046
0.6445799
0.7040744
0.6195347
0.6861263
0.8671351
0.6601758
0.7588334
0.7321761
0.699466
0.8535818
0.7791613
0.7841106
0.7915418
0.6644146
0.7708403
0.7282841
0.8264031
0.7298815
0.753852
0.7203493
0.6787076
0.7667787
0.6791598
0.8393524
0.7422754
0.6788527
0.721527
0.7600648
0.6999309
0.7631662
0.6971759
0.9566557
0.6953271
0.7955808
0.7552504
0.6980647
0.7489256
0.7899674
0.8871042
0.7086621
0.6982198
0.7063995
0.7671974
0.6330228
0.7506607
0.9460562
0.729221
0.8723601
0.6530952
0.7272078
0.8548738
0.8102675
0.7077421
0.8067511
0.751905
0.6586907
0.6623705
0.8386869
0.7644313
0.7388372
0.7554228
0.7245498
0.8093837
0.7494714
0.7946417
0.7058927
0.8821151
0.8122428
0.7420885
0.7215198
0.6269261
0.7390186
0.8729721
0.805396
0.6450298
0.7128538
0.6810092
0.8254718
0.6327403
0.7779971
0.7815105
0.6936983
0.6413995
0.7422096
0.8071168
0.7428489
0.6661075
0.6117754
0.7048686
0.7745184
0.716567
0.7175315
0.7729608
0.7235232
0.6678555
0.8812624
0.795578
0.7161164
0.9136579
0.8690729
0.6892936
0.6140209
0.8592331
0.6776058
0.7852231
0.7247838
0.7605825
0.790715
0.7408297
0.806118
0.8446966
0.5814548
0.7532857
0.8030797
0.7169501
0.635879
0.7744383
0.6955931
0.729296
0.7481198
0.8182698
0.5505007
0.6602726
0.7665558
0.8070917
0.6391051
0.7083273
0.7851139
0.8178705
0.7392032
0.6984339
0.7217417
0.7944222
0.8822026
0.7921655
0.7995133
0.8708508
0.7733322
0.7965736
0.7019244
0.7023001
0.7422291
0.8135117
0.7882153
0.7175757
0.6127292
0.8190886
0.7807638
0.7344623
0.7614844
0.8304444
0.613703
0.9228433
0.8247398
0.782149
0.7558363
0.7473951
0.8103443
0.8536901
0.7723644
0.826822
0.697083
0.6249537
0.7231125
0.9105833
0.8194951
0.797911
0.8083312
0.8493383
0.6967208
0.7115911
0.859758
0.7035081
0.7548236
0.9815132
0.885001
0.7645898
0.7521605
0.9301191
0.7788256
0.8346368
0.8829599
0.6827029
0.7402511
0.6985217
0.8232383
0.7453404
0.6905635
0.7628848
0.842528
0.7133821
0.7722876
0.7510326
0.7495613
0.6665024
0.7409633
0.7767125
0.7476793
0.8458089
0.8275298
0.7526597
0.8381696
0.8609977
0.7588567
0.6838781
0.7045202
0.8078293
0.8142216
0.6663594
0.6725064
0.7944696
0.6420914
0.8440262
0.7252345
0.7928747
0.7166839
0.745192
0.7833029
0.7565491
0.7014025
0.8055445
0.7970375
0.9012702
0.7515151
0.76564
0.6003528
0.7939368
0.7688638
0.7906722
0.6732543
0.7263115
0.7488573
0.7829057
0.8396093
0.6360272
0.7558392
0.7510296
0.8247689
0.7800488
0.8402799
0.6032982
0.7660346
0.681163
0.7107038
0.9434441
0.8276993
0.7892884
0.7451835
0.8109168
0.8564455
0.9526037
0.7761923
0.6695388
0.7257011
0.8034477
0.7431976
0.7348083
0.6890355
0.7442224
0.7721556
0.9636411
0.747363
0.7703184
0.6888277
0.6757854
0.745459
0.7131965
0.7479829
0.6715888
0.7855085
0.7464465
0.8937856
0.832017
0.9250944
0.7120238
0.7870686
0.6674071
0.71893
0.7524784
0.6261148
0.752369
0.792718
0.7730234
0.8605299
0.739783
0.9925162
0.7493886
0.7027195
0.8019089
0.7188902
0.9697817
0.7119281
0.8053346
0.837111
0.7008636
0.8419051
0.7254182
0.7860852
0.8345773
0.6965683
0.7682099
0.7324055
0.750243
0.8253582
0.6984157
0.7669028
0.7658499
0.9177853
0.7280564
0.801767
0.7713626
0.6967737
0.7613729
0.8398182
0.7545296
0.7532944
0.9697752
0.7297884
0.763237
0.5954195
0.7456796
0.7956585
0.7720618
0.8201361
0.7256318
0.7526188
0.8041301
0.8445208
0.91376
0.7330428
0.7050305
0.6382667
0.8179136
0.7695909
0.6684728
0.7095206
0.7307771
0.8864308
0.8790577
0.7504697
0.733003
0.634909
0.7515238
0.7964889
0.794617
0.7543324
0.8307938
0.7800128
0.7429331
0.9326432
0.7762216
0.8087597
0.6770892
0.6748066
0.7725126
0.6323993
0.6812708
0.7812407
0.8640419
0.8138939
0.8646214
0.7157142
0.6905171
0.9776198
0.7677051
0.8617509
0.9797753
0.7380909
0.7586767
0.8306489
0.7897981
0.6373806
0.7807471
0.7482535
0.6028428
0.6974962
0.709306
0.8072684
0.6681746
0.6751296
0.7072916
0.7248873
0.6956706
0.7118581
0.7115456
0.729093
0.7145095
0.8622917
0.6336162
0.6179204
0.6076436
0.7686601
0.6958157
0.7644556
0.6653634
0.652947
0.7407462
0.7182678
0.8581861
0.7761963
0.7727016
0.7248058
0.661637
0.8285245
0.6962794
0.6936679
0.6137252
0.8128222
0.7067849
0.8085266
0.7725748
0.7959437
0.8370583
0.6646154
0.8526417
0.7218322
0.7481806
0.7046108
0.7321589
0.7143222
0.7852291
0.7049009
0.7309125
0.7298799
0.6767834
0.8141658
0.5860272
0.771949
0.8500091
0.8101394
0.7674086
0.7862309
0.6505972
0.7353183
0.7861788
0.8393718
0.7424837
0.811292
0.705124
0.7611926
0.7058052
0.7003828
0.8626702
0.7188614
0.8012036
0.7318425
0.6168018
0.7067328
0.8167883
0.7019738
0.697915
0.8025622
0.651865
0.8018607
0.811208
0.5958617
0.6724066
0.6902581
0.7081754
0.7925066
0.7451063
0.6683304
0.709049
0.8055048
0.6655106
0.8536399
0.7066695
0.7942208
0.7311114
0.7302162
0.8565721
0.7809884
0.8123317
0.6236731
0.719383
0.6430914
0.7624706
0.6570687
0.6377424
0.8037303
0.6127629
0.5690795
0.7224686
0.7360163
0.6738689
0.6902058
0.7052486
0.6328398
0.6906177
0.6877489
0.7363402
0.7466322
0.6433322
0.8024144
0.8087401
0.6353088
0.5086331
0.610517
0.7477815
0.826739
0.7953029
0.5811197
0.6690752
0.7521086
0.7796066
0.6448982
0.7574509
0.7395526
0.7363412
0.7098855
0.7577456
0.6115751
0.7822552
0.816934
0.7321111
0.73864
0.6803905
0.8049838
0.7613601
0.8643857
0.7399922
0.6132347
0.700587
0.7201471
0.6641775
0.7854818
0.7653241
0.7732679
0.8272233
0.7776972
0.6882714
0.719
0.6651493
0.7084504
0.7549656
0.7644606
0.7654764
0.7395196
0.8438155
0.7374951
0.7265981
0.7271935
0.675287
0.569195
0.7457266
0.681055
0.7418273
0.7214663
0.8277233
0.6538385
0.7961254
0.6544582
0.710915
0.6638231
0.8502464
0.8383175
0.7488065
0.7119723
0.7265572
0.9276195
0.8276597
0.7343217
0.7493996
0.6774717
0.6736107
0.7056378
0.6669168
0.7031155
0.7447086
0.8053672
0.897828
0.6607673
0.6735851
0.6944256
0.8372461
0.8013463
0.7113777
0.7264358
0.838346
0.7722165
0.7720701
0.7086398
0.8043679
0.6661864
0.7080358
0.6712915
0.732951
0.7223117
0.8682854
0.7771643
0.8361209
0.8512691
0.7777577
0.8073723
0.6707855
0.7171018
0.6880456
0.6823189
0.821266
0.9080548
0.9016055
0.8293925
0.7517492
0.7136122
0.798677
0.894206
0.7822613
0.7943923
0.7316544
0.7351588
0.6816207
0.8248697
0.8189955
0.7950638
0.9260864
0.7463352
0.7116624
0.7563023
0.8716495
0.8055503
0.9046729
0.7625366
0.7565417
0.7355647
0.7524353
0.7966361
0.7917351
0.6917842
0.9452518
0.7424025
0.7480506
0.8745398
0.7474215
0.6544691
0.8847949
0.7619029
0.828622
0.8298928
0.7542273
0.8195536
0.7955641
0.8390524
0.8752052
0.9170582
0.6993662
0.9275996
0.8823618
0.8926234
0.7383102
0.8531566
0.8164782
0.8978136
0.7574411
0.6700398
0.6703883
0.8123583
0.7632171
0.9673664
0.7920483
0.830982
0.7666691
0.8348409
0.8441443
0.7701641
0.8097247
0.6787621
0.7495613
0.775417
0.7254187
0.9300342
0.6982652
0.6547396
0.6199114
0.7105814
0.855474
0.7018506
0.8658283
0.7496702
0.7502079
0.7675752
0.7885007
0.8555995
0.8338041
0.6607781
0.8162452
0.7947035
0.7792754
0.7922033
0.8277778
0.790312
0.7176877
0.6443376
0.8858466
0.7402079
0.7833065
0.8494635
0.8578193
0.7744144
0.7842102
0.8349662
0.8383704
0.7324386
0.8912209
0.8030484
0.7119094
0.7102933
0.8392079
0.7933117
0.7001257
0.8522275
0.7494349
0.7446365
0.6581877
0.5907183
0.8422997
0.8520839
0.8169298
0.7961666
0.7878144
0.6816131
0.7817875
0.7469767
0.7183515
0.743427
0.832841
0.6878727
0.7883656
0.7989358
0.7316809
0.8047617
0.6986877
0.8717906
0.7615768
0.7689208
0.7539645
0.7424645
0.6502423
0.7129988
0.7163727
0.938168
0.6291771
0.837105
0.940467
0.787268
0.8190088
0.8672562
0.8628438
0.7468927
0.8425211
0.912513
0.7929328
0.9066763
0.866152
0.8693244
0.8101086
0.7236898
0.7522833
0.7805235
0.7781373
0.8360444
0.9423482
0.9697946
0.6704897
0.6951604
0.8613271
0.7513453
0.7734783
0.7222431
0.7918509
0.622897
0.9056141
1.001882
0.8186207
0.6991608
0.8422182
0.850349
0.8209359
0.8233781
0.8559215
0.7315982
0.7227998
0.8287635
0.9471907
0.715474
0.8832404
0.983068
0.7263099
0.9219475
0.8592925
0.7287413
0.9270821
0.8680195
0.8173416
0.7892598
0.8185136
0.7526396
0.8785216
0.7712578
0.7853626
0.7230398
0.759378
0.7570072
0.7685739
0.78126
0.6945293
0.7148478
0.7833989
0.8021608
0.7064032
0.8292006
0.7210064
0.7912878
0.7645379
0.8171448
0.8171821
0.6852774
0.8721632
0.9314665
0.8666381
0.7618176
0.887767
0.9995194
1.054949
0.850014
0.7315859
0.7998342
0.7107315
0.8786068
0.8409046
0.8685657
0.6691133
0.9941391
0.9649093
0.7187415
0.7330523
0.8031108
0.9346408
0.7621857
0.8041307
0.6824944
0.9106847
0.7365276
0.6993392
0.8265922
0.6787482
0.7298693
0.8232252
0.7161788
0.8569922
0.7366001
0.6908964
0.6912074
0.6553911
0.8458125
0.8016869
0.7627691
0.8082397
0.76831
0.694343
0.9114951
0.8954275
0.8082402
0.8689492
0.8100836
0.8229856
0.7797262
0.7477066
0.8764949
0.8132532
0.6783753
0.8113866
0.8318268
0.784683
0.782769
0.7982342
0.981674
0.9336294
0.8626679
0.7167737
0.8790754
0.7026623
0.7858928
0.6831191
0.80979
0.8051854
0.7030138
0.8876815
0.8318576
0.8371471
0.6955112
0.8073828
0.9222621
0.7282898
0.7795845
0.6954663
0.7994035
0.7442879
0.755649
0.7436477
0.7227073
0.8874109
0.8877916
0.7776295
0.6927487
1.055758
0.9202656
0.9818991
0.7692668
0.7549227
0.7887131
0.7758244
0.7304752
0.8614701
0.8243595
0.8393791
0.7042969
0.8598145
0.9995445
0.7322115
0.6738966
0.6309796
0.8529629
0.7621961
1.00195
0.7568213
0.7740009
0.9031467
0.7703729
0.7980153
0.7473271
0.7480444
0.9189731
0.7154152
0.8446171
0.6709192
0.8330428
0.726205
0.69602
0.7544521
0.7272503
0.7557407
0.7646515
0.8436151
0.7464355
0.9990238
0.9346761
0.8115101
0.6834489
0.8974662
0.8135154
0.8112907
0.8284948
0.8152425
0.7305456
0.9243617
0.8002929
0.7211614
0.86881
0.9920371
0.9013333
0.89912
0.7627671
0.8579026
0.9577958
0.7813398
0.8517625
0.8423417
0.9063512
0.904127
0.8285101
0.8552804
0.8502866
0.6577469
0.8196662
0.7176781
0.9239228
0.9327282
0.8450225
0.9220632
0.8157565
0.8297433
0.8982755
0.8002775
0.7698566
0.8672469
0.9218637
0.8844904
0.7361592
0.7958552
0.9285246
0.741209
0.9873161
0.8210091
0.8311805
0.7348786
0.7022299
0.8870435
0.7916349
0.8140138
0.8704078
0.7665252
0.7824736
0.8033726
0.8451333
0.918463
0.8193035
0.9042208
0.7857244
0.8566934
0.9083356
0.7268524
0.7000845
0.9428712
0.7848455
0.9672122
1.012866
1.02154
0.8656359
0.8322409
0.7565245
0.8866926
0.8215041
0.8260055
0.7689569
0.8598138
0.8440544
0.9291882
0.8324809
0.773104
0.844178
0.8682279
0.7696605
0.7746161
0.8902676
0.756577
0.7722707
0.8338211
0.7145381
0.8825792
0.8739979
0.8165392
0.8945803
0.9204016
0.8826199
0.8261952
0.6786941
0.6706967
0.9652251
0.7262447
0.7475392
0.8819555
0.7873931
0.8549534
0.7516527
0.8665349
0.7293819
0.7261844
0.6953588
0.8379707
0.7333346
0.8480473
0.814865
0.7184437
0.7681774
0.7618378
0.776051
0.8217487
0.8634019
0.6766029
0.793329
0.8060875
0.7428095
0.8951512
0.8368557
0.7762989
0.9970176
0.6835176
0.8955369
0.8218596
0.7966498
0.8005466
0.8434215
0.761076
0.969973
0.8688974
0.9137739
0.8912672
0.8847757
0.8128088
0.8727354
1.054103
0.7493897
0.9123482
0.7507386
0.7829444
0.8390387
0.8212875
0.7964646
0.8981391
0.7325435
0.8074862
0.8197549
0.6743303
0.871825
0.9729718
0.867985
0.8148633
0.77414
0.7032368
0.9721973
0.8260097
0.7591959
0.8402195
0.7991721
0.9184852
0.9732487
0.8970699
1.153946
0.8006704
1.009057
0.8686982
0.9717373
0.8174998
0.8078176
0.7808213
0.8843751
0.8832119
0.7817792
0.8367361
0.6987211
0.8479809
0.8213735
0.9198555
0.656172
0.8127951
0.8688644
0.8648286
0.761675
0.9116616
0.9910948
0.8052231
0.8179029
0.8700355
0.7615729
0.8762021
0.8810368
0.8460276
0.8724493
0.8207155
0.6606509
0.832589
1.039313
0.7590571
0.8959118
0.7043169
0.7656151
0.799475
0.8919997
0.8872864
0.7403585
0.8231818
0.8005341
0.9016119
0.868276
0.8199538
0.9062262
0.9484788
0.7819799
0.9239403
0.8021235
0.7308988
0.7390465
0.8468555
0.7921911
0.899376
0.8935603
0.8459824
0.8489309
0.8063624
0.7726848
0.747119
0.7131814
0.8113937
0.9366023
0.8969901
0.9015565
0.7928678
0.7964919
0.8808331
0.931031
0.8262095
0.8167559
0.8766852
1.082932
0.7913961
0.6968916
0.8561485
0.8240342
0.8016322
0.9298903
0.7077616
0.9544851
0.8672041
0.845669
0.8939444
0.9132008
0.966903
0.8573336
0.9081149
0.8069483
0.9622723
0.8506535
0.9779235
0.8074138
1.009296
0.9743668
0.8723181
0.7957741
0.683191
0.9309644
0.8174538
0.9215529
0.9501425
0.8126717
0.9140388
0.8308526
0.8241974
0.8010224
0.7608961
0.8497958
0.9039426
0.6706874
0.7414203
0.7713715
1.044562
0.766451
0.9815675
0.8696769
0.814061
0.9625401
0.9460057
0.8650339
0.8673794
0.8077995
0.8661966
1.007994
0.9636009
0.7448777
0.8808186
0.8102211
1.068284
0.9004746
0.9617657
0.9131423
0.8780145
1.02653
0.813625
0.7015685
0.8881801
0.7861623
0.793061
0.8259298
0.771489
0.8915317
1.01985
0.8859302
0.7199769
0.8664583
0.8085436
0.9248258
0.8501871
1.119057
0.8173941
0.7835312
0.7774778
0.8278954
0.9632548
0.7837583
0.7823984
0.842409
0.8056098
0.8724206
0.8659826
0.8458666
0.9291933
0.7274651
0.7627341
0.8819725
0.8655398
0.8091072
0.7710233
0.8037002
0.9693076
0.8966665
0.8795145
0.8631969
0.9310433
1.193442
0.7451356
0.8884152
0.6504403
0.7434202
0.9764174
0.8132188
0.8139496
0.9007528
1.002851
0.7284948
0.7522699
0.8431747
0.846099
0.7523546
0.8048629
0.8910052
0.8060857
1.008352
1.000708
0.8478435
0.8137338
0.8236498
0.9539987
0.7149213
0.8991575
0.8333318
0.8618514
0.6959293
0.8288
0.8983972
0.8882715
0.8040721
0.7606902
0.7724652
1.09641
0.8712052
0.8570284
0.8825827
0.8716157
0.7655208
0.8337865
0.8444175
0.9568313
0.8904675
0.8621607
0.7728744
0.7536527
0.770822
0.7272367
0.9182268
0.8904561
0.899409
0.8204528
0.9653458
1.035071
0.8030824
0.9880239
0.9033996
0.8517454
0.9093019
0.8994682
0.7396477
0.7515547
0.7735483
0.9477774
0.7602611
0.8940384
1.024446
0.7977149
0.8993074
0.9718967
0.968679
0.81825
0.8494668
1.02265
1.033229
0.8038066
0.8134415
0.7265546
0.9630616
0.8308154
0.7004536
0.6864955
0.8513932
0.8582167
0.7559727
0.7602288
0.8174966
0.8325086
0.9079896
0.9889214
0.7545704
0.7028159
0.703795
0.9802417
0.9120793
0.7560509
0.7310846
0.8175008
0.82441
0.907085
0.9765705
0.7147311
0.8766505
0.8347456
0.8326207
0.8632474
0.8007439
0.8459022
0.8392759
0.7819855
0.8220942
1.085096
0.7647923
0.65885
0.9407206
0.7763422
0.8342968
0.7324021
0.9016998
0.8900649
0.8550129
0.8558576
0.913322
0.8887323
0.8027663
0.8967989
0.7638872
0.9347795
0.9329063
0.8517494
0.7722547
0.7776621
0.9304492
0.826339
0.7353005
0.8292556
0.8118815
0.6552295
0.7793792
0.8210609
0.8095789
0.8565709
0.752372
0.9232048
0.7133188
0.9786417
0.8308947
0.8489718
0.9854712
0.8505611
0.6557712
0.90625
0.9669948
0.8112722
0.7628001
0.8111341
0.8755859
0.824959
0.7357276
0.8882844
0.9307391
0.7718588
0.7598581
0.6403886
0.7104959
0.7255466
0.8145193
0.8328607
0.8498284
0.7869472
0.9065228
0.8158574
0.7627972
0.9365946
0.8917478
0.7951712
0.8419115
0.8780242
0.6865503
0.8033142
0.8025315
0.7904534
0.6470614
0.7853427
0.7393523
0.7960239
0.8728443
0.8446939
0.9215181
0.9193505
0.7034689
0.6730698
0.8309069
0.9148203
0.6935799
0.7864073
0.8402889
0.7555725
0.7967517
0.842879
0.7361074
0.7424621
0.763698
0.8394633
0.9112288
1.007843
0.7828282
0.8674242
0.8252468
0.8890832
0.7429266
0.820827
0.6592201
0.9007621
0.8210443
0.7765155
0.9823959
0.9010438
0.8631954
0.8633229
0.7267457
0.805794
0.8368043
0.6473236
0.6879781
0.7865939
0.7552044
0.9580916
0.9080143
0.9373855
0.787233
0.7403098
0.6984101
0.7900456
0.7726157
0.7284121
0.933544
0.8269454
0.6549315
0.7735267
0.6201827
0.8496616
0.7806924
0.8691893
0.6938788
0.7933208
0.7648124
0.8050257
0.80447
0.8290913
0.7471363
0.8342982
0.7108345
1.002497
0.8096568
0.7192459
0.9227106
0.9280026
0.9231826
0.7996718
0.7909895
0.8668374
0.7895478
0.782873
0.7620955
0.8591663
0.9423279
0.8459309
0.8292788
0.7837425
0.7143622
1.044941
0.7420301
0.7700239
0.6932043
0.7397211
0.7989551
0.6930341
0.7425222
0.7298922
0.7199118
0.7134876
0.7909029
0.7973803
0.8319245
0.9070719
0.9342615
0.802672
0.7031832
1.001789
0.7881208
0.9248445
0.7727725
0.8110632
0.9431381
0.7938705
0.6869222
0.8228025
0.8000125
0.8005571
0.9093265
0.7478909
0.8841475
0.8031707
0.8878938
0.8168818
0.9488387
0.7492851
0.800973
0.8382431
0.7680726
0.9165883
0.6265924
0.853871
0.6584392
0.9466824
0.7869838
0.8406753
0.7547761
0.6737601
0.8600869
0.8059467
0.8269871
0.9371032
0.9250885
0.7935177
0.828906
0.7935154
0.7975983
0.9265552
0.9418337
0.8604294
0.7771873
0.8273098
0.7909115
0.8636328
0.8129011
0.8196166
0.807832
0.7963057
0.7011645
0.8895497
0.9853627
0.7920468
0.8101204
0.9269243
0.8313557
0.8387786
0.8690347
0.9016192
0.8087648
0.9345281
0.7394436
1.014101
0.8466114
0.8625041
0.8935722
0.7689463
0.7236468
0.791999
0.8623872
0.8381638
0.6413974
0.8130116
1.02975
0.8226206
0.695546
0.7846359
0.9671312
0.8527184
0.9059384
0.9605422
1.013321
0.7872961
0.789543
0.7948563
0.782481
0.7976024
0.7195966
0.87275
0.8115328
0.6897684
0.9034402
0.814057
0.8617245
1.026993
0.7525902
1.062921
0.8698553
0.9143415
0.769717
0.9652466
0.8159684
0.8601436
0.9362704
0.9946784
0.7927557
0.8212457
0.8492496
0.8682642
0.9345192
0.7641619
0.7285892
0.7738879
0.7544147
0.7885078
1.016118
0.8455563
0.7161073
0.9022397
0.8886888
0.7751133
0.9443185
0.8659656
0.8283843
0.9688495
0.8068202
0.8621896
0.8847919
0.6674715
0.8200437
0.9654539
0.9977861
0.839586
0.83652
0.9172337
0.8534626
0.8013049
0.7779466
0.7634645
0.8799233
0.7861271
0.8041445
0.8507735
0.9142298
0.9919229
0.9442061
0.7983239
0.8033734
0.7446361
0.9535808
1.072716
0.814644
0.8848952
0.7680574
0.9284367
0.8994059
0.7857174
0.962701
0.6961523
0.8637439
0.9416988
0.890311
0.7683138
0.7807974
0.8351589
0.872372
0.8975456
0.7320032
0.9035616
0.9764729
1.125235
0.7436976
0.6905477
0.8218449
0.8320944
0.8827463
0.6806916
0.7980325
0.9571691
0.8188591
0.9286868
1.008883
0.888922
0.8468844
0.8021905
0.7911885
0.7569441
0.8879521
0.8253423
0.8583534
0.8811839
1.064292
0.8538771
0.9300821
0.8669954
0.7939669
0.8844405
0.8258695
0.8257882
0.8848735
0.962768
0.8289383
0.8805022
0.8618732
0.8801654
0.799091
0.8611534
0.6746197
0.9526434
1.08058
0.8154815
0.9046484
0.8115375
0.8992047
0.8262668
0.852887
0.8825965
0.8444329
0.835275
0.8053071
0.7291607
0.8359074
0.8136777
0.834467
0.8198792
0.8451421
0.9202758
0.8228826
0.8469451
0.8467839
0.7452872
0.8858211
0.8051331
0.8685849
0.8119727
0.9039158
0.8895128
0.9526347
1.021366
0.6985292
0.8524375
0.699643
0.8264958
0.8656316
0.9253117
0.8331509
0.8831266
0.8733608
1.142767
0.7330909
0.8395057
0.8788673
0.8476351
0.8111747
0.80923
1.068332
0.7955602
0.9074539
0.8341261
0.8129158
0.8947148
0.8943894
0.805786
0.8674322
0.7728226
0.8177857
0.9345635
0.9526758
0.9488892
0.9532083
0.8616054
0.8469953
0.9957418
0.7726907
0.7788742
0.9296399
0.8275107
0.8390722
0.9220478
1.04216
0.9152284
0.7754227
0.7909882
0.8670474
1.024982
1.096003
0.8355844
0.8338991
0.8029861
0.9168707
0.8290511
1.087433
0.9465262
0.8031282
0.7848057
0.9194032
0.9442595
0.7817052
0.9022043
0.8891909
0.8377886
0.9619653
0.8191105
0.8184077
1.002117
1.049226
0.8551569
0.8413176
0.802741
0.9612819
0.835113
0.8115332
0.9938203
0.7898889
0.9750516
1.007549
0.7560852
0.8463075
0.6976399
0.8316724
0.9343263
0.9331657
0.8651595
0.9351813
0.7918361
0.8074329
0.9220083
0.8228324
0.8795291
0.8613331
0.8188014
0.8645547
0.8612773
0.8884663
0.9718229
0.788122
0.8395058
0.9250742
0.7243819
0.8827912
0.8680518
1.013642
0.9026628
0.9114576
0.7409075
0.8634247
0.9163903
0.9669036
0.6843053
0.7514494
0.9424039
0.8455096
0.9532399
0.733186
0.937119
0.9546033
0.876743
0.8798998
0.919036
0.795352
0.9159827
0.8360566
0.8140588
0.8221609
0.7814586
0.7683109
0.8718791
0.9000383
0.8478808
0.7955308
0.9932255
1.236246
0.9286841
0.8228616
1.020835
0.8145221
0.8074624
0.9342209
1.018155
1.025404
0.7699792
0.8951463
0.8975861
0.9285628
0.8261538
0.987432
0.8916562
0.8801055
0.8485166
0.8027797
0.8935827
0.913743
1.013536
0.9544142
1.115568
0.8324115
0.8857238
0.8741827
0.8774763
0.976302
0.8745834
0.9621492
0.8939044
0.8453218
0.9829274
0.8618281
0.8684973
0.9110008
0.8444672
0.838053
0.8126009
0.8763212
0.9659999
0.8230816
0.9381208
0.8785312
0.9445691
0.9709056
1.079258
1.032626
0.8116448
0.8221207
0.9367122
1.046215
1.093473
0.869245
0.9463537
0.8083623
0.7727742
0.7897459
1.056508
1.005445
0.8155716
0.8649689
0.8995064
0.8374225
0.7545348
0.8935518
0.7752691
0.8877279
0.7975464
0.9264038
0.8592875
0.9039603
1.022376
1.027446
0.7889491
0.9805024
0.8647815
0.844982
0.8009074
0.8428964
0.8883381
0.8666202
1.00616
0.9680341
0.8634119
0.8343521
0.9858315
0.9074692
0.7867359
0.7817285
0.9050853
0.8583168
0.7865351
0.8019552
0.9260514
0.8007652
0.7983637
0.9406133
0.8450558
0.8572293
0.8948076
0.8741131
0.8216778
0.9500055
0.8442338
0.8656841
1.020649
0.8805521
0.9713082
0.6977227
0.7643421
0.8473059
0.9089853
0.8140197
0.9996279
0.8450517
0.9677907
0.8021312
0.9079221
0.8456472
1.017066
0.7893981
0.877586
0.9063984
0.839631
0.8760257
0.7755538
0.7809188
0.8234808
0.765996
0.9014249
0.9434306
0.7993427
0.753256
0.8142585
0.9703338
0.8077266
1.007264
0.7802146
0.8233774
0.7638005
0.9143501
0.822036
0.8689195
0.8479168
0.8577295
0.8899515
0.9189366
0.8490058
0.8070557
0.7818978
0.9359114
0.83802
0.9416949
0.9902307
0.9269383
0.902924
1.005634
0.8574542
0.8765155
0.7865463
0.8060819
0.8824124
0.8477735
0.8457606
0.9273531
0.8257313
0.871109
0.9512252
0.7949773
0.8615036
0.8824181
0.6521587
0.8868018
0.8897266
0.9900163
1.003567
0.7995265
1.027877
0.927268
0.823734
0.7926422
0.8559886
0.8268011
0.8245374
0.810358
1.078108
0.7565933
1.011638
0.8899243
0.958131
0.7778125
0.9212688
0.9269317
0.7942784
0.9064375
0.873493
0.9020447
0.8262172
0.8282492
0.8410796
0.7519476
0.8728396
0.8167104
1.000547
0.799494
0.8346494
1.024428
1.136565
0.8868243
0.8309051
0.8848552
0.8231102
0.8618189
0.908116
0.965888
0.8107577
1.101683
0.8998703
0.8391069
0.9895214
0.9707645
0.9033593
0.7737256
0.8287112
0.9812672
0.8254119
0.7620651
0.8906664
0.9271206
0.7514347
0.7591757
0.8062908
0.7922165
0.8327133
0.7890275
1.082305
0.8468618
1.07508
0.8324602
0.918953
0.7636554
0.858597
0.7048438
0.956148
0.9102194
0.8605089
0.7842326
0.914462
0.7816311
0.914514
0.8868393
0.79438
0.6994122
0.8301378
0.8534816
0.9219523
0.8916212
1.098642
0.9682471
0.8611068
0.7449499
0.8166843
0.9240715
0.9474761
0.8286752
0.8517419
0.7529921
0.8326916
0.8306947
0.921383
0.632117
0.7475387
0.866935
0.7180698
0.8695402
0.7093913
0.7931502
0.9177136
0.8495373
0.8063242
0.8078536
0.7483571
0.726817
0.8859954
0.8618478
0.837749
0.9663218
0.8267066
0.8199592
0.8322362
0.8653523
0.8738887
0.8976275
0.8809525
0.8455138
0.8056574
0.7982867
0.8028911
0.8527933
0.7650595
1.014339
0.9792258
1.021739
0.9312942
0.9263743
0.9112062
0.9124017
0.8328089
0.8431937
0.9414499
0.9141755
1.095965
0.7366014
0.8944539
0.7642613
0.903521
0.7835625
0.8026509
0.7528144
0.8152848
1.035232
0.8941338
0.8390066
1.030592
0.8742914
0.7462335
0.7853358
0.7168648
0.7376464
0.8590937
1.087478
0.8800591
0.8204589
0.8034013
0.7236161
0.7080417
0.8027701
0.7486084
1.04275
0.7774577
0.7411399
0.7610103
0.9759913
0.7539909
0.8151486
0.922986
0.8586395
0.8903732
0.8619262
1.017276
0.8789854
0.8686191
0.7835782
0.850904
0.826017
0.8907322
0.876501
0.9190971
0.9216703
0.9568873
0.7743297
0.7953404
0.9490801
0.8432932
0.7245716
0.8665025
0.8030826
1.00211
0.827866
0.9332341
0.9675785
0.8070946
0.6733247
0.905037
0.8955501
0.8578653
0.7595739
0.9049208
0.9580831
0.9452117
0.8134235
0.7904394
0.9617457
0.9312783
0.7327292
0.7500598
0.8108007
0.7915887
0.9426932
0.7667799
0.9091106
0.8821754
0.8096645
0.829702
0.7730671
0.9428861
0.6798323
0.8627247
0.8365503
1.003372
0.7531621
0.747958
0.9014365
0.7798881
0.9147112
0.8119995
0.8949103
0.7428246
0.8051962
0.8631479
0.7769843
0.7489187
0.8228033
0.7035787
0.8929925
0.8389614
0.7488087
0.7812951
0.7544948
0.7473282
0.7116674
0.7100906
0.7064727
1.030831
0.88919
0.9698031
0.9100887
0.869755
0.822272
0.8566395
0.852748
0.9118845
0.841849
0.7913117
0.7179721
0.7026418
0.8023756
0.8404805
0.7478893
0.8330528
1.059045
0.7827273
0.7961919
0.7666841
0.9884216
0.762287
0.7245103
0.7803172
0.7062999
0.8262158
0.887445
1.0469
0.8232478
0.7837654
0.8264407
0.9156454
0.783534
0.6945332
0.7535476
0.9011702
1.021482
0.8644068
0.7095006
0.6887125
0.6065216
0.7649355
0.8292783
0.7687805
0.9202683
0.7421136
0.7194792
0.7852981
0.7592173
0.7728287
0.7313976
0.8353538
0.8699929
0.910687
0.8621019
0.8916282
0.9185991
0.9794695
0.8413614
0.7728299
0.8827772
0.7742695
0.7633795
0.9647389
0.8946086
0.8079383
0.6749982
0.8705864
0.7701599
0.786912
0.7727562
0.6900092
0.7408966
0.841653
0.7527733
0.6770572
0.7673446
0.7825944
1.015407
0.8876891
0.7991226
0.7088625
0.8792836
0.8297647
0.8500633
0.8104447
0.7058723
0.8630364
0.7987937
0.9944441
0.840791
0.8860462
0.8785497
0.8723709
0.931587
0.828925
0.822403
0.8160373
0.8115653
0.8344975
0.817922
0.8956576
0.8783612
0.967059
0.794865
0.7685622
0.7865896
0.9605887
0.9068501
0.7764599
1.000882
0.8281652
0.7986817
0.9057203
0.8346161
0.8084234
0.7710946
0.8917749
0.8350833
0.9077605
0.9005407
0.8347891
0.806536
0.8207552
0.7547119
0.8559635
0.8543095
0.6975649
0.701167
0.8141079
0.7792113
0.7696112
0.9595254
0.7655643
0.7244415
0.8348139
0.8006008
0.8022168
0.9536702
0.7019893
0.7934566
0.9488918
0.7435668
0.7180428
0.8259909
0.8201767
0.7982173
0.7311828
0.7170676
0.6697306
0.8111707
0.8066507
0.7950815
0.8438625
0.7838069
0.8002329
0.7171881
0.8933208
0.9342112
0.795193
0.8170164
0.8046656
0.8072409
0.8606555
0.7713611
0.8663233
0.8425862
0.8262651
0.8897771
0.9330957
0.7706474
0.9419152
0.8955264
0.9945959
0.7850327
0.8110956
0.8141721
0.7689118
0.7707117
0.9625066
0.7885974
0.7680856
0.8165991
0.8184538
0.9115077
0.7756922
0.7857156
0.9630751
0.7754007
0.9402516
0.7970928
0.8413908
0.7960662
0.8044168
0.7297593
0.8768799
0.9036586
0.835699
0.930813
0.7342223
0.7736583
0.8195077
0.8915342
0.796249
0.8053138
0.8648097
0.8215044
0.8791348
0.8505444
0.7863
0.7092299
0.788687
0.6610041
0.7672629
0.8299227
1.026706
0.9030396
0.7949802
0.7481528
0.9179456
0.8521975
1.010347
0.883807
0.9145981
0.7846805
0.9329157
0.7890534
0.843272
0.8150523
0.8619263
0.7936775
0.7733093
0.8612091
0.7807957
0.9130068
0.7647206
0.8983887
0.7285275
0.8354932
0.7834499
0.8759238
0.8460602
0.9214644
0.8330463
0.9089557
0.8213379
0.8095766
0.929117
0.8146078
0.8182009
0.8725158
0.7946188
0.7452367
0.8338594
0.7843857
0.9516233
0.8909489
0.7637412
0.8096662
0.7093343
0.939018
0.9010642
0.9049673
0.7853418
0.8913176
0.6838686
0.8028096
0.9379729
0.7934104
0.7451904
0.6767921
0.6934553
0.8535547
0.7432019
0.9536861
0.8803208
0.8383881
0.9251954
0.7833964
0.7949823
0.7560107
0.8268764
0.9527513
0.8436606
0.9049676
0.8728951
0.9241756
0.8182138
0.6674001
0.9119292
0.8704301
0.8753682
0.8048643
0.8981316
0.9050882
1.004622
0.9574346
0.751059
0.7396291
0.8157147
0.8318233
0.8094276
0.8288594
0.8281653
0.8787405
0.9865204
0.8232993
0.8457427
1.110104
0.8733293
0.8515564
0.8665588
0.8346078
0.8851499
0.9464436
0.8573231
0.8954633
0.7927391
0.8340196
0.7515899
0.9101319
0.8170864
0.9772609
0.830237
0.8782867
0.7880508
1.031514
0.7256104
0.8577561
0.8346008
0.830025
0.8619487
0.8167946
0.8466131
0.9412101
0.8379643
0.8791833
