0.007155199
0.006880882
0.006497404
0.006585179
0.006460166
0.006373166
0.006377535
0.006299719
0.006230592
0.006244122
0.00619739
0.006182004
0.006185575
0.006169536
0.006186769
0.006107689
0.006085691
0.006116314
0.006095147
0.006007554
0.006115597
0.006055679
0.006104623
0.006005473
0.006107866
0.00600431
0.006064047
0.005961521
0.005927239
0.005722099
0.005681601
0.005510235
0.005599798
0.005623459
0.005538101
0.005513945
0.005569898
0.005537788
0.005560853
0.00546955
0.005475074
0.005505623
0.005443837
0.005298956
0.005388653
0.00539356
0.005394993
0.005482129
0.005321808
0.005175348
0.005156388
0.005192659
0.005312996
0.005210927
0.005262676
0.005219863
0.005143595
0.00506477
0.005077086
0.005004758
0.005015635
0.005059317
0.004985259
0.004948588
0.004993941
0.005062857
0.005057776
0.005009851
0.005037939
0.005025567
0.005023454
0.005015867
0.005035869
0.004947691
0.004853942
0.004840023
0.004756174
0.004842542
0.004870496
0.004879703
0.004878246
0.004911164
0.004892563
0.004953541
0.004986735
0.004972662
0.00499091
0.004920754
0.004968627
0.004883269
0.004891428
0.005005294
0.004897343
0.004885565
0.004883467
0.004820999
0.004874143
0.004814608
0.004736857
0.004765851
0.004795252
0.004750531
0.004817778
0.004786321
0.004707987
0.00476856
0.004795801
0.004769791
0.004803751
0.004710155
0.004740044
0.004679552
0.00478796
0.004782372
0.004785302
0.004805752
0.00487706
0.004933585
0.005096685
0.005138095
0.005155294
0.005304131
0.00523124
0.005219575
0.005228469
0.005115361
0.005132546
0.005248827
0.005197767
0.00536311
0.005324528
0.005263539
0.005297582
0.005263884
0.005338961
0.005426421
0.005380884
0.005385405
0.005305771
0.00532823
0.005192963
0.005174346
0.005226023
0.005211557
0.005217922
0.005116952
0.005052368
0.005102562
0.005000657
0.005084163
0.005149318
0.005258592
0.005210567
0.005314622
0.005164353
0.005219823
0.005101919
0.005096507
0.005059466
0.005254871
0.005339319
0.005302602
0.005247204
0.005135983
0.004925875
0.004933161
0.004886949
0.004788551
0.004748012
0.004658358
0.004558116
0.00454927
0.004565183
0.004576906
0.004543974
0.004505181
0.004496571
0.004502716
0.0044947
0.00448758
0.004502728
0.004427437
0.004420887
0.004340723
0.004332559
0.004318762
0.004259049
0.004177452
0.004063934
0.004065545
0.004090742
0.004106586
0.004082335
0.004014473
0.004045362
0.004024229
0.003972605
0.003964554
0.003919977
0.003858724
0.003963953
0.004022535
0.003974674
0.003982748
0.003884001
0.003854494
0.003764564
0.003740261
0.003722376
0.003736584
0.003773177
0.003780464
0.003824589
0.00382238
0.003865116
0.003944753
0.003887022
0.003824222
0.003805383
0.003697334
0.00375738
0.003766881
0.003741519
0.003764712
0.003762789
0.003716822
0.003765479
0.003793735
0.003897332
0.003948454
0.003953012
0.003997917
0.003906774
0.003911676
0.003931547
0.003918355
0.003902796
0.00390968
0.003893395
0.00384993
0.003801587
0.003772212
0.003865341
0.00383649
0.003814551
0.003919463
0.003852741
0.003876945
0.003793855
0.003754483
0.0037847
0.003740889
0.003805946
0.003841916
0.003806463
0.00383346
0.003824009
0.003805388
0.003820623
0.003829822
0.003800751
0.003852715
0.003829283
0.003815488
0.003827211
0.003846025
0.003924307
0.003956867
0.004038902
0.004011951
0.003941468
0.003962687
0.00402693
0.003978481
0.003990185
0.003954898
0.003966323
0.003987875
0.00390012
0.003933855
0.003889415
0.003843152
0.003828951
0.003800494
0.003854399
0.003832695
0.003928083
0.003860644
0.003797771
0.003735165
0.003704074
0.00375287
0.003737136
0.003782546
0.00393067
0.004041311
0.004092939
0.004121418
0.004101175
0.004129031
0.004270916
0.004307766
0.004272319
0.004278401
0.004329361
0.00436697
0.004315226
0.004287083
0.004343176
0.004296351
0.004342592
0.00441431
0.004342288
0.004319555
0.004359894
0.004408063
0.004371606
0.004339128
0.004343893
0.004397017
0.004414415
0.00439878
0.004422853
0.004416315
0.00441505
0.004381217
0.004359159
0.004380649
0.004365396
0.004407516
0.00437107
0.004431682
0.004464985
0.004488417
0.004508901
0.004390879
0.004364126
0.004299318
0.004407947
0.004468298
0.004452557
0.004539945
0.004405194
0.004448046
0.004403101
0.004485381
0.004506157
0.004586784
0.004585738
0.004593507
0.004614956
0.004649121
0.004659627
0.004580216
0.004604591
0.00457694
0.004569217
0.00452517
0.004517542
0.004471496
0.004539036
0.004584119
0.004529543
0.004505553
0.004492218
0.004506109
0.004412492
0.004377564
0.00432482
0.004260491
0.004322979
0.004174438
0.004163426
0.00414069
0.004024629
0.004060659
0.004098473
0.004071944
0.004018112
0.004041296
0.0040411
0.004090463
0.00410018
0.004039219
0.004069763
0.004073904
0.004079743
0.004064964
0.004114161
0.004092091
0.004118154
0.004118596
0.004139756
0.004161755
0.004229579
0.004182094
0.004178092
0.004186205
0.004219522
0.004193842
0.004227636
0.004270707
0.004351067
0.004321648
0.004254837
0.004225457
0.004253955
0.004221263
0.004177942
0.004229418
0.004230536
0.004203972
0.004195086
0.004163965
0.004139624
0.004223116
0.004242475
0.004236912
0.004231566
0.004235652
0.004264414
0.004306033
0.00425071
0.004346768
0.004323293
0.004289037
0.004236443
0.004195062
0.004180442
0.004318725
0.004355633
0.004340841
0.004298719
0.00422838
0.004149794
0.004109146
0.004117086
0.004101516
0.004169076
0.004083855
0.004113703
0.004170496
0.004204425
0.004273459
0.004281421
0.004241578
0.004190606
0.004219116
0.004160403
0.004094897
0.004105647
0.004113775
0.004143861
0.004175923
0.00414326
0.004100031
0.0040758
0.00400208
0.003959132
0.003911554
0.003886712
0.003924698
0.003868384
0.003861453
0.003899368
0.003934234
0.003899135
0.00390766
0.003876044
0.003834077
0.003898089
0.003867931
0.003799022
0.003840486
0.003841657
0.003792718
0.003762674
0.003794039
0.003786397
0.003689565
0.003661117
0.003752339
0.003688517
0.003659578
0.003637061
0.003653605
0.003679937
0.003707913
0.003797907
0.003864807
0.003917219
0.003886831
0.003860476
0.00384274
0.003869804
0.003904394
0.003907262
0.003975255
0.003967321
0.003997229
0.004012487
0.004012402
0.003938635
0.004018123
0.004043458
0.00403834
0.004141653
0.004100138
0.004145552
0.004102324
0.004106741
0.004111199
0.004129406
0.004140466
0.004029831
0.00403822
0.004084624
0.004115966
0.004176041
0.004228267
0.00415595
0.004142075
0.004193562
0.00416294
0.004194611
0.004224613
0.004314225
0.00438926
0.004497123
0.004487494
0.004392945
0.004389579
0.004403735
0.00441502
0.004323519
0.004200862
0.004055797
0.004035913
0.004054438
0.004069822
0.004101622
0.004095899
0.004056329
0.00406024
0.004069924
0.004077145
0.00418805
0.004160318
0.004113096
0.004095675
0.004071895
0.004146516
0.004140701
0.004077602
0.003925213
0.003937165
0.00400812
0.004112827
0.004112849
0.004136836
0.004116409
0.004144444
0.004138903
0.004146574
0.004166706
0.004246592
0.004213231
0.004196506
0.004225701
0.004197334
0.004171814
0.004246652
0.004152682
0.004182987
0.004263931
0.004308115
0.004265082
0.004199316
0.004258811
0.004265551
0.004262244
0.004323072
0.004322359
0.004327646
0.004256738
0.004227636
0.004192694
0.004251182
0.004225012
0.004312027
0.00432545
0.004307403
0.004295947
0.004274791
0.00430626
0.004348233
0.004331261
0.00427032
0.004285825
0.004269436
0.004256939
0.004275761
0.004314696
0.004360978
0.00441038
0.004335751
0.004341808
0.004330473
0.004310352
0.004245823
0.004246553
0.004215025
0.004285596
0.004319584
0.004248612
0.004252983
0.004306364
0.00428182
0.004232163
0.004216495
0.004254942
0.004270604
0.004306151
0.004292501
0.004301153
0.004306474
0.004272519
0.004266999
0.004321801
0.004265989
0.004199416
0.004321765
0.004416318
0.004357395
0.004377108
0.004361151
0.004229851
0.004325768
0.004325267
0.004346176
0.004352283
0.004396194
0.004437135
0.004334704
0.004322546
0.004397209
0.004333607
0.00437228
0.004374607
0.004454206
0.004471226
0.004507153
0.004468921
0.004542288
0.004574145
0.004536007
0.004478108
0.004447516
0.004379716
0.004433006
0.0044042
0.004338856
0.004294281
0.004232961
0.004228101
0.004239012
0.004243595
0.004273543
0.004227736
0.00424029
0.004195738
0.004141194
0.004116688
0.004113839
0.004094589
0.00400361
0.004116584
0.004182265
0.004192914
0.004214128
0.004191167
0.00415849
0.004158429
0.004199679
0.004238407
0.004264288
0.004270157
0.004254619
0.004172336
0.004150354
0.004053428
0.004043641
0.004122116
0.004150741
0.004176943
0.004141965
0.004132984
0.004090499
0.004194546
0.004227525
0.004243203
0.004248457
0.00424956
0.00420896
0.004160471
0.004183522
0.004310702
0.004341451
0.004292651
0.004454932
0.004520802
0.004513133
0.004510658
0.004474739
0.004349306
0.004411209
0.004392838
0.004404441
0.004422957
0.004437842
0.00440125
0.004412555
0.004465708
0.004519136
0.004511042
0.004504348
0.004394438
0.004342178
0.00429383
0.004317554
0.004289996
0.004279254
0.004238836
0.004291142
0.004334111
0.004336654
0.004353845
0.004293057
0.004324138
0.004347339
0.004367696
0.004351986
0.004357902
0.004313364
0.004316273
0.00435548
0.004304349
0.004248282
0.004210666
0.004227025
0.004165884
0.004158531
0.004118665
0.004117333
0.004077067
0.004113875
0.004026099
0.003963587
0.003971416
0.004007268
0.004066843
0.004141665
0.004232678
0.004247047
0.004274977
0.004184682
0.004146754
0.004074983
0.004032498
0.004027438
0.004067613
0.004115637
0.004098508
0.004087193
0.004091822
0.004084822
0.004060263
0.004048849
0.004053743
0.004002123
0.004018275
0.004036984
0.004032257
0.00407589
0.004154912
0.004217188
0.004160536
0.004167509
0.00414938
0.004099751
0.004042054
0.004028952
0.003955936
0.00394988
0.003886188
0.003889386
0.003910032
0.003909208
0.00389629
0.003920278
0.004015397
0.00397954
0.003916948
0.0039035
0.003866413
0.003951267
0.00395925
0.00400407
0.003973551
0.004036924
0.004057617
0.004098957
0.00406458
0.004031272
0.003979827
0.003991726
0.003993368
0.004018661
0.004026154
0.004092725
0.004105336
0.004002936
0.004000946
0.004022546
0.004039008
0.004047697
0.004100797
0.004081594
0.004100256
0.004175382
0.004133604
0.00401756
0.004012739
0.004074013
0.004024258
0.004078005
0.004159248
0.004080863
0.004053255
0.004048275
0.004079992
0.003999182
0.004010316
0.003940767
0.003893753
0.00387357
0.003911472
0.003859374
0.003873366
0.003863232
0.00387986
0.003919205
0.003959311
0.003959207
0.004004674
0.003977981
0.003922931
0.003933415
0.003878645
0.003901712
0.003917448
0.003978932
0.00394035
0.00392589
0.003885555
0.003823433
0.003782581
0.003808609
0.003800776
0.003811383
0.003794589
0.00373573
0.00374676
0.003849846
0.003881618
0.003899466
0.003911549
0.0038618
0.003859819
0.003818037
0.00384456
0.00386956
0.003885149
0.003893355
0.00390502
0.003864225
0.003886507
0.003872241
0.003723213
0.003845449
0.003765989
0.003805351
0.003878992
0.003905186
0.003862243
0.003822967
0.003804568
0.003823207
0.003781717
0.00374646
0.003710175
0.003830592
0.00379755
0.003811024
0.003784585
0.003769311
0.003801526
0.003748264
0.003704283
0.003653013
0.003647166
0.003768284
0.003830536
0.003820908
0.003810675
0.003866065
0.003882007
0.003863655
0.003882858
0.003886524
0.003971962
0.00403383
0.003985276
0.003986842
0.003993636
0.004000537
0.004028613
0.003966782
0.00402738
0.004025963
0.003982666
0.004031402
0.003977421
0.003978031
0.004035086
0.004018659
0.004106107
0.004070634
0.004025222
0.004025002
0.003963975
0.004014503
0.004030457
0.003932878
0.003979038
0.003946288
0.003882085
0.003906749
0.003855482
0.003805586
0.003791868
0.003733767
0.00368753
0.003707629
0.003725335
0.003747029
0.003788933
0.003758634
0.003783713
0.003802927
0.003728059
0.003680629
0.003720654
0.003732176
0.003672291
0.003670123
0.003654153
0.003596944
0.00364077
0.003641204
0.003653515
0.003664839
0.003652191
0.003657323
0.003659002
0.00360129
0.003556707
0.003658789
0.003689002
0.00372012
0.003696308
0.003726224
0.003777472
0.003805828
0.003848808
0.003770643
0.003791077
0.003808687
0.003780908
0.003782863
0.003803616
0.003754652
0.003783185
0.003672177
0.003597797
0.003569208
0.003565661
0.003575844
0.003521659
0.003590691
0.003566821
0.0035139
0.00350918
0.003590786
0.00362412
0.003671892
0.003648614
0.003668696
0.00372713
0.003665751
0.003614558
0.003588957
0.003649971
0.003685314
0.003682322
0.003761814
0.003791166
0.003811685
0.003808431
0.003814588
0.003780595
0.003791695
0.003804775
0.003873083
0.003841062
0.003852443
0.003881916
0.003889996
0.003919079
0.003827642
0.0038313
0.00381263
0.003792652
0.00378886
0.003816375
0.003848562
0.003867487
0.003816804
0.003770525
0.003749844
0.003780884
0.003789655
0.003717675
0.003723235
0.003727181
0.003722567
0.00369434
0.003695591
0.003714456
0.003745613
0.003731332
0.003797391
0.003799436
0.003799234
0.00382411
0.003851505
0.003997707
0.004041032
0.004053962
0.004084531
0.004095235
0.004065621
0.004042868
0.004019771
0.00405021
0.004025459
0.004065882
0.004195326
0.004164323
0.004102719
0.003995663
0.003910224
0.003904309
0.003948433
0.003919285
0.003867978
0.003896011
0.003915369
0.003843799
0.003806299
0.003875577
0.003900942
0.003909572
0.003918129
0.003939151
0.004032651
0.004005573
0.004017171
0.003967884
0.003933002
0.004011441
0.003991366
0.003934086
0.003884729
0.003858903
0.003868761
0.003771726
0.003805813
0.003805134
0.003862474
0.003843245
0.003929945
0.003911335
0.003911706
0.003893398
0.003859162
0.003858483
0.003903961
0.003960891
0.003995287
0.004015058
0.004085051
0.00411095
0.004139005
0.00416325
0.004192178
0.004238979
0.004197707
0.004228585
0.004257459
0.004256371
0.004278949
0.004269191
0.004238951
0.004252554
0.004330567
0.004325209
0.004255806
0.004281842
0.004334701
0.004286376
0.004225325
0.004212645
0.004183729
0.004246774
0.00419941
0.004212084
0.004173768
0.004201517
0.004256608
0.004227558
0.004148811
0.004185949
0.004222363
0.004236764
0.004286262
0.004368127
0.004365472
0.004335344
0.004257931
0.004245845
0.004265275
0.004393058
0.004464134
0.004488197
0.004608693
0.004537958
0.004590605
0.004566496
0.004721437
0.004624789
0.00461363
0.004629182
0.00465747
0.004755362
0.004754596
0.004721468
0.004901214
0.004945668
0.005051165
0.005020478
0.005043549
0.005137965
0.00507508
0.005060526
0.005148354
0.00512819
0.00501637
0.004931654
0.004977765
0.004919481
0.004874655
0.004891319
0.00496511
0.004858472
0.004832881
0.004768447
0.00471482
0.004722128
0.004764069
0.004701936
0.004733537
0.004687493
0.004694375
0.004752046
0.004805291
0.004692606
0.004585874
0.0045993
0.004628949
0.004616095
0.004521244
0.004529686
0.004627096
0.004661957
0.004655334
0.004686594
0.004675501
0.00464572
0.004684595
0.00467957
0.004567596
0.004469363
0.004494222
0.004446393
0.004396206
0.004378129
0.004506876
0.004390608
0.004381484
0.004478571
0.004489826
0.004503332
0.004500676
0.004542322
0.00450812
0.004418686
0.004351019
0.004332379
0.004220675
0.004259684
0.004279275
0.004357242
0.004342552
0.004329683
0.004371493
0.004417085
0.004629601
0.004564587
0.004538214
0.00447817
0.004476759
0.004486754
0.004429883
0.004442908
0.004446641
0.004428864
0.004435582
0.004455113
0.004417998
0.004429567
0.004470819
0.004421378
0.004408902
0.00444044
0.00446962
0.004416819
0.004403974
0.004454627
0.004536739
0.004547973
0.00448091
0.004411141
0.004400355
0.004430502
0.004520935
0.004529085
0.004535881
0.004637737
0.004619592
0.004630783
0.004645875
0.004761243
0.004774235
0.004692049
0.004711202
0.004778569
0.004783446
0.004856324
0.004895374
0.004973048
0.004997751
0.00500622
0.004988344
0.005074221
0.005129639
0.005153281
0.005112912
0.005156997
0.005202616
0.005185062
0.005213675
0.005362759
0.005443759
0.005366012
0.005347945
0.005220437
0.005174717
0.005251298
0.005372842
0.005366712
0.005476322
0.005252254
0.005211526
0.005161877
0.005163325
0.004971886
0.004959646
0.004867806
0.004752886
0.004761249
0.004748309
0.00476489
0.004711657
0.004751095
0.00475064
0.00487258
0.004867833
0.004868491
0.004851152
0.004846598
0.004848225
0.004847395
0.004785233
0.004866532
0.004901816
0.004830167
0.004829094
0.004864041
0.005021918
0.005073365
0.005057186
0.005086606
0.004979029
0.00505952
0.004924785
0.004991293
0.004917782
0.004980835
0.005094657
0.005154216
0.00518853
0.005244918
0.005254555
0.005242639
0.00522909
0.005210168
0.005247485
0.005265588
0.005379113
0.005561451
0.005608859
0.005675286
0.00565166
0.005621605
0.0056473
0.005641496
0.005485857
0.005575239
0.005591681
0.005539493
0.005522574
0.00546557
0.005596471
0.005558292
0.005588631
0.005608721
0.005469166
0.005458344
0.005447911
0.005464949
0.005538204
0.005411673
0.005306308
0.005257932
0.005257445
0.005233525
0.005242635
0.005133289
0.005127056
0.005096662
0.005112869
0.005003655
0.004956439
0.004832152
0.004826802
0.004840399
0.004862086
0.004863631
0.004863833
0.004830516
0.004870551
0.004860439
0.004898631
0.005004346
0.004936535
0.004933759
0.004969822
0.00498903
0.005003374
0.00507895
0.00507586
0.005141542
0.005164058
0.005130267
0.005104771
0.005115651
0.005032148
0.005001351
0.004901697
0.00492517
0.004962492
0.00500612
0.004950694
0.00491278
0.004944135
0.004896449
0.004966186
0.004966969
0.004995334
0.004819189
0.004821582
0.004810219
0.004826948
0.004880545
0.004822225
0.004797397
0.004661894
0.004622733
0.004682147
0.004668087
0.004652893
0.004683131
0.004671679
0.004610229
0.004581513
0.004653649
0.004607205
0.004572168
0.004588017
0.004532848
0.004470053
0.004460772
0.004522178
0.004575061
0.004613776
0.004708034
0.004585436
0.004450323
0.004398037
0.0044421
0.004300682
0.004306636
0.004252952
0.004198742
0.004186088
0.004290588
0.004252579
0.004134934
0.004118661
0.00413966
0.004167309
0.004098765
0.004065627
0.004009778
0.003997613
0.003971951
0.004035614
0.004052843
0.004037369
0.004124326
0.004197929
0.004237088
0.004230724
0.004206565
0.00426341
0.004245223
0.004249705
0.004276402
0.004229362
0.004165709
0.00418837
0.004188816
0.004299956
0.004184693
0.004219908
0.004162013
0.004177576
0.004176673
0.004138392
0.004138025
0.004134242
0.004048506
0.004144446
0.004234876
0.00420563
0.004126261
0.004145453
0.004138021
0.004121577
0.004233535
0.004169887
0.004245382
0.004267978
0.004296683
0.004328345
0.004220311
0.00427745
0.00423185
0.004269919
0.00425164
0.004228195
0.004148978
0.00415252
0.004245646
0.004321165
0.004312369
0.004390466
0.004360695
0.00437892
0.004403955
0.00440846
0.004395875
0.004334741
0.004295493
0.004301038
0.004339327
0.004388805
0.004432599
0.004441523
0.004396779
0.00442723
0.004433946
0.004395022
0.004324044
0.004299671
0.004282657
0.004292169
0.004250665
0.00430766
0.004294374
0.004220342
0.004256491
0.004241224
0.004207304
0.004143704
0.004084785
0.004086334
0.004121257
0.004092445
0.004166863
0.004153391
0.004141253
0.004145177
0.00414479
0.004146219
0.004205854
0.004230726
0.00426567
0.004281368
0.00420207
0.004211408
0.004284836
0.004214739
0.004206408
0.004200329
0.004165152
0.004311076
0.004156917
0.004069597
0.003992191
0.004034021
0.004042624
0.004141556
0.004257714
0.004288695
0.004278273
0.004246107
0.004311057
0.004272097
0.004189235
0.004144014
0.004255525
0.004201449
0.00411591
0.004131384
0.004222959
0.00418244
0.004199361
0.004105496
0.004062308
0.004120306
0.004153134
0.004200098
0.004179141
0.00421803
0.004125863
0.004162553
0.004107112
0.004052491
0.004048344
0.00405058
0.00401507
0.004010928
0.004075906
0.004018567
0.00404194
0.004137664
0.004244043
0.004223146
0.00415043
0.004215549
0.00413595
0.004048545
0.004079053
0.004150362
0.004149228
0.004220055
0.004271203
0.004231306
0.004220469
0.004211939
0.004252373
0.004291329
0.004324549
0.004323765
0.004373671
0.004409335
0.004377431
0.004355517
0.004305152
0.004328254
0.004258281
0.00429573
0.004386309
0.004322791
0.004358078
0.004311819
0.004279898
0.004249296
0.004359084
0.004284369
0.0043085
0.004333421
0.004328027
0.004378475
0.004374601
0.004308461
0.004225629
0.004338719
0.004354957
0.00435718
0.004415708
0.004418552
0.004454197
0.004365909
0.004413508
0.004484678
0.004571464
0.004513673
0.004499232
0.004533853
0.004629662
0.00452804
0.00446846
0.004403891
0.004445174
0.004341625
0.004385902
0.004317424
0.004342159
0.004350166
0.00436646
0.004445715
0.004483445
0.004494682
0.004419102
0.004437655
0.004407373
0.004436944
0.004390737
0.004399199
0.004421124
0.00442006
0.004397246
0.004347678
0.004386817
0.004259983
0.004193597
0.00417632
0.004226557
0.00425772
0.004188599
533851
0.004496043
0.004481947
0.004371025
0.004392409
0.004463703
0.004427196
0.004505164
0.004514823
0.004481663
0.004455153
0.004471873
0.004408137
0.004433351
0.004452978
0.00444981
0.004455299
0.004442354
0.004456668
0.004395801
0.004389034
0.004328269
0.004294529
0.00429988
0.004280667
0.004277344
0.004302803
0.004315268
0.004313335
0.004358656
0.004310249
0.004225929
0.004210328
0.00421127
0.004223577
0.004250944
0.004257064
0.00420886
0.00431158
0.004324404
0.004358159
0.004398465
0.004430958
0.004446874
0.004411104
0.004480125
0.004541921
0.004568233
0.004619622
0.0046009
0.004575228
0.00466184
0.004654907
0.004675535
0.004646186
0.004679361
0.0002855077
0.0002882082
0.0002911687
0.0002937231
0.000293564
0.0002969163
0.0002988972
0.0002965617
0.0002948124
0.0002910576
0.000292924
0.0002882102
0.0002912548
0.0002976635
0.0002931442
0.0002956818
0.0002928839
0.0002910032
0.0002887561
0.0002963169
0.0002915843
0.0002935558
0.0002952266
0.0002944265
0.0002979356
0.0002984528
0.0002945123
0.0002887202
0.0002964836
0.0002976641
0.0002977201
0.0003018571
0.000302118
0.0003042258
0.0002987459
0.0003021434
0.0003075125
0.0003139038
0.0003105966
0.0003101631
0.0003124806
0.0003191286
0.0003121137
0.0003078188
0.000303116
0.0003061021
0.0002995013
0.0003027496
0.0002974411
0.0002995211
0.0003000799
0.0003009993
0.0003061028
0.0003086855
0.0003098163
0.0003046955
0.0003063502
0.0003042842
0.000306403
0.0003033757
0.0003044272
0.000306664
0.0003063723
0.0003048649
0.0003016913
0.0003042954
0.0002958778
0.0002923366
0.0002916986
0.0002955913
0.0002982157
0.0002937987
0.0002955673
0.0002986904
0.000294845
0.0002913542
0.0002912833
0.0002937699
0.0002965534
0.0002991892
0.0002995363
0.0002986463
0.0003066356
0.000305195
0.0003046659
0.0003093223
0.0003081152
0.0003157977
0.0003117248
0.0003115005
0.0003102775
0.0003135051
0.0003119493
0.0003151324
0.0003165273
0.0003175878
0.000320777
0.0003148796
0.0003090497
0.0003141272
0.0003186144
0.0003241701
0.0003251502
0.0003268237
0.0003269134
0.0003228243
0.0003235735
0.000327736
0.0003233434
0.0003300513
0.0003375849
0.0003404265
0.0003466602
0.0003468402
0.0003550876
0.0003517202
0.000348837
0.0003547698
0.0003555775
0.0003612804
0.0003568096
0.0003585364
0.0003631414
0.0003620516
0.0003671462
0.0003661275
0.0003713097
0.000374897
0.0003692121
0.0003674975
0.0003631697
0.0003624733
0.0003693762
0.0003676709
0.0003630219
0.0003587534
0.0003660659
0.0003601909
0.0003650677
0.0003735303
0.0003782797
0.0003748007
0.0003710674
0.0003752294
0.0003723153
0.0003741112
0.0003740506
0.0003682519
0.0003673889
0.0003670163
0.0003609545
0.000365003
0.0003709869
0.0003783006
0.0003791069
0.0003842204
0.0003849741
0.0003769616
0.0003794768
0.0003818973
0.0003863911
0.0003988709
0.0003917524
0.0004021925
0.0004026041
0.0004078042
0.0004153495
0.000414476
0.0004192996
0.0004180534
0.0004241229
0.0004241671
0.0004200629
0.000419362
0.0004223089
0.0004175757
0.0004185929
0.0004152139
0.0004145011
0.0004240425
0.0004197826
0.0004262714
0.0004244348
0.0004215975
0.0004144749
0.00041572
0.0004103997
871856e-05
3.909474e-05
3.930223e-05
3.857701e-05
3.880934e-05
3.876208e-05
3.774462e-05
3.759903e-05
3.723531e-05
3.707089e-05
3.718971e-05
3.68773e-05
3.753389e-05
3.813909e-05
3.826297e-05
3.768803e-05
3.768945e-05
3.77597e-05
3.704777e-05
3.755091e-05
3.734705e-05
3.775553e-05
3.873661e-05
3.874754e-05
3.878272e-05
3.854368e-05
3.846987e-05
3.799213e-05
3.728982e-05
3.715799e-05
3.683413e-05
3.546398e-05
3.657647e-05
3.635847e-05
3.672753e-05
3.620056e-05
3.613862e-05
3.556963e-05
3.555374e-05
3.525503e-05
3.458849e-05
3.402686e-05
3.383382e-05
3.453591e-05
3.459669e-05
3.500812e-05
3.50751e-05
3.495251e-05
3.479145e-05
3.447549e-05
3.516714e-05
3.528155e-05
3.469548e-05
3.467181e-05
3.512239e-05
3.451594e-05
3.418875e-05
3.393037e-05
3.391714e-05
3.397208e-05
3.387034e-05
3.400546e-05
3.392646e-05
3.40031e-05
3.438944e-05
3.443918e-05
3.439524e-05
3.36813e-05
3.378189e-05
3.415506e-05
3.388735e-05
3.380334e-05
3.454675e-05
3.452127e-05
3.515718e-05
3.591906e-05
3.539061e-05
3.544312e-05
3.491001e-05
3.528233e-05
3.502793e-05
3.549474e-05
3.553546e-05
3.62109e-05
3.567068e-05
3.553379e-05
3.595336e-05
3.62891e-05
3.633911e-05
3.650058e-05
3.693443e-05
3.71192e-05
3.728733e-05
3.696645e-05
3.678062e-05
3.701073e-05
3.705124e-05
3.647367e-05
3.623535e-05
3.643433e-05
3.618128e-05
3.606533e-05
3.617877e-05
3.606629e-05
3.591737e-05
3.578298e-05
3.516372e-05
3.499333e-05
3.464324e-05
3.437498e-05
3.442297e-05
3.449413e-05
3.426966e-05
3.405831e-05
3.446778e-05
3.430218e-05
3.377993e-05
3.395391e-05
3.403173e-05
3.413274e-05
3.43151e-05
3.421807e-05
3.449872e-05
3.419674e-05
3.402688e-05
3.408263e-05
3.415277e-05
3.427847e-05
3.346864e-05
3.407173e-05
3.382138e-05
3.437203e-05
3.438443e-05
3.461e-05
3.420925e-05
3.447973e-05
3.431979e-05
3.391899e-05
3.375796e-05
3.440203e-05
3.464575e-05
3.427178e-05
3.381422e-05
3.402737e-05
3.484354e-05
3.49683e-05
3.515172e-05
3.465533e-05
3.477125e-05
3.460099e-05
3.463018e-05
3.485777e-05
3.549673e-05
3.545498e-05
3.565169e-05
3.570782e-05
3.592663e-05
3.530941e-05
3.524682e-05
3.52559e-05
3.574434e-05
3.583389e-05
3.545592e-05
3.551193e-05
3.557037e-05
3.538945e-05
3.432891e-05
3.43942e-05
3.359698e-05
3.257723e-05
3.165297e-05
3.1599e-05
3.19029e-05
3.191666e-05
3.224992e-05
3.192552e-05
3.153323e-05
3.157215e-05
3.200413e-05
3.195081e-05
3.294872e-05
3.344408e-05
3.36807e-05
3.396636e-05
3.33114e-05
3.365026e-05
3.387666e-05
3.344095e-05
3.335715e-05
3.329899e-05
3.376537e-05
3.375128e-05
3.330738e-05
3.31843e-05
3.334046e-05
3.341391e-05
3.34418e-05
3.335983e-05
3.259472e-05
3.237233e-05
3.306357e-05
3.359705e-05
3.345952e-05
3.242295e-05
3.264857e-05
3.233262e-05
3.18083e-05
3.22436e-05
3.21728e-05
3.149425e-05
3.165407e-05
3.205083e-05
3.243108e-05
3.202778e-05
3.151837e-05
3.127634e-05
3.155202e-05
3.134531e-05
3.127072e-05
3.133746e-05
3.104727e-05
3.045924e-05
3.055456e-05
3.041576e-05
3.082246e-05
3.104945e-05
3.172086e-05
3.209176e-05
3.213358e-05
3.283419e-05
3.267096e-05
3.274348e-05
3.292661e-05
3.243874e-05
3.342413e-05
3.373924e-05
3.352854e-05
3.263172e-05
3.310838e-05
3.218372e-05
3.161238e-05
3.176996e-05
3.153851e-05
3.201969e-05
3.294148e-05
3.265993e-05
3.252245e-05
3.21707e-05
3.178952e-05
3.136999e-05
3.138634e-05
3.087838e-05
3.144642e-05
3.117339e-05
3.126897e-05
3.159804e-05
3.154172e-05
3.147107e-05
3.161701e-05
3.041223e-05
3.024329e-05
3.038345e-05
3.05142e-05
3.096108e-05
