0.0006887382
0.0006639313
0.0006604478
0.0006437375
0.0006385008
0.0006437234
0.0006287802
0.0006332952
0.0006368826
0.0006285891
0.0006235897
0.0006168884
0.0006088137
0.000604356
0.0005951271
0.0005979934
0.0005967101
0.0005971524
0.0005921826
0.000592763
0.0005906912
0.0005855412
0.0005848526
0.0005895455
0.000588392
0.000588545
0.0006003188
0.0005872024
0.0005922552
0.0005864838
0.0005758864
0.0005730212
0.0005726193
0.0005582197
0.0005643552
0.0005537751
0.000553583
0.0005437244
0.0005419104
0.0005488201
0.0005479321
0.0005490017
0.0005543899
0.0005391494
0.0005440884
0.0005482782
0.0005521509
0.0005566921
0.0005609653
0.0005474402
0.0005399848
0.0005376664
0.0005382868
0.0005437431
0.0005394778
0.0005502827
0.0005383296
0.0005287943
0.0005215743
0.0005188281
0.0005108318
0.0004962815
0.0004886454
0.000472295
0.000477051
0.0004732421
0.00046812
0.0004663873
0.0004570525
0.000454579
0.0004601222
0.0004652698
0.000466933
0.0004535917
0.0004649794
0.0004702696
0.0004656887
0.0004710378
0.0004756592
0.0004748384
0.0004643288
0.0004693884
0.000466292
0.0004692036
0.0004670909
0.0004607312
0.0004700941
0.0004690391
0.0004547821
0.0004590448
0.0004633701
0.0004609056
0.0004605554
0.0004537761
0.0004450084
0.0004468375
0.0004507961
0.0004512792
0.000458207
0.0004669104
0.0004664544
0.0004707784
0.0004600274
0.0004669437
0.0004720008
0.0004733107
0.0004690211
0.0004637265
0.000471171
0.0004770248
0.0004789299
0.0004807175
0.0004751767
0.0004719843
0.0004739319
0.0004773789
0.0004795103
0.0004744496
0.000478527
0.0004821199
0.0004842845
0.0004881332
0.0004789564
0.0004917698
0.000490369
0.0004781104
0.0004802511
0.0004717875
0.0004670761
0.0004711281
0.0004734551
0.0004688694
0.0004571287
0.0004497717
0.0004477818
0.0004445472
0.0004467602
0.0004540424
0.0004523386
0.0004545094
0.0004617861
0.0004570351
0.0004582957
0.0004623277
0.0004621567
0.0004589595
0.0004561619
0.0004541958
0.0004522753
0.0004530748
0.0004610845
0.0004616859
0.0004530768
0.0004484502
0.0004487654
0.0004427987
0.0004442444
0.0004448937
0.0004448434
0.0004429937
0.0004391896
0.0004342947
0.0004316512
0.0004290318
0.0004306962
0.0004325776
0.0004379446
0.0004276111
0.0004211406
0.0004325647
0.0004438605
0.0004433074
0.0004496243
0.0004456545
0.0004441891
0.0004486934
0.0004434326
0.0004505428
0.0004590576
0.0004529923
0.0004544683
0.000450534
0.0004559946
0.0004405986
0.0004404622
0.0004388831
0.0004326432
0.0004270657
0.0004243685
0.000427011
0.0004192672
0.0004156204
0.0004135844
0.0004127868
0.0004081503
0.0003986101
0.0003977838
0.000405781
0.0004075483
0.0003975433
0.0004014486
0.0003929106
0.0003963915
0.0003982049
0.0003947864
0.0003927246
0.0003901558
0.0003993716
0.0003966716
0.0003994099
0.0003988712
0.0004032066
0.0004124625
0.0004127618
0.0004141086
0.0004097561
0.0004133887
0.0004084814
0.0003986853
0.0003974889
0.0004007359
0.0004053795
0.000405042
0.0004024848
0.0003987095
0.0004006217
0.0004025617
0.0003999098
0.000401613
0.0003984113
0.0003960473
0.0003967211
0.000397034
0.0003934516
0.000403474
0.0004026959
0.0004012166
0.0004008324
0.0004051437
0.0004062244
0.0004056331
0.0004059916
0.0004100894
0.0004053464
0.0004039664
0.0004063239
0.0004113188
0.0004122345
0.000416867
0.0004206101
0.0004170485
0.0004072521
0.0004066624
0.0004048548
0.0004038633
0.000404926
0.0004074995
0.0004018646
0.0003975534
0.0003963739
0.0003981397
0.000400834
0.0003964857
0.0004012948
0.0003989947
0.0004005001
0.0003955153
0.000389567
0.0004005464
0.0003965036
0.0004051683
0.0004090345
0.0004102656
0.000414086
0.0004224669
0.0004154685
0.0004166856
0.0004196063
0.0004195291
0.000422749
0.0004340406
0.0004500201
0.0004464218
0.0004432241
0.0004398181
0.0004414548
0.0004395315
0.0004394298
0.0004431583
0.0004447048
0.0004349783
0.0004332632
0.0004343674
0.0004371425
0.0004293691
0.0004298582
0.0004238335
0.0004247087
0.0004141382
0.0004170296
0.000405498
0.0004035916
0.0003956531
0.0003903203
0.0003898672
0.0003929431
0.0003831243
0.0003872861
0.0003944359
0.0003931633
0.0003943141
0.0003986029
0.0004107359
0.0004082374
0.000401771
0.0003962994
0.0003941892
0.000385542
0.0003862105
0.000381439
0.0003816949
0.0003794076
0.0003856297
0.0003854045
0.0003862157
0.0003910364
0.0003853679
0.0003837111
0.0003769788
0.0003803661
0.0003795866
0.0003802786
0.000378425
0.0003794153
0.0003844939
0.0003804984
0.0003773702
0.0003703341
0.0003689594
0.000372915
0.0003733216
0.000381243
0.0003874202
0.0003942279
0.0003867574
0.0003837134
0.0003875332
0.0003811177
0.0003828018
0.0003798681
0.0003807493
0.0003813612
0.0003909335
0.0003890255
0.0003836573
0.000385888
0.0003972522
0.0003967974
0.0004068272
0.000403534
0.0004055862
0.0004016007
0.0003974255
0.0004021012
0.000404467
0.0004026544
0.0004013199
0.0004002062
0.0004049356
0.0004096458
0.0004114031
0.0004078355
0.0004157318
0.0004092281
0.0004020089
0.0004059889
0.000405393
0.0004119611
0.0004101409
0.0004138753
0.00040897
0.0004092176
0.0004137748
0.0004147159
0.0004131341
0.000413278
0.0004180895
0.0004223467
0.0004127152
0.0004141377
0.0004122626
0.000417914
0.0004214942
0.0004200491
0.0004146898
0.0004181167
0.0004217908
0.0004247121
0.0004203007
0.0004194448
0.0004161966
0.0004185287
0.0004180522
0.0004196725
0.0004134937
0.0004131094
0.000410625
0.00040891
0.0004072347
0.0003962582
0.0004014501
0.0004056277
0.0004046716
0.000407272
0.0004006104
0.0003984515
0.0003960035
0.0003888179
0.0003856967
0.0003829437
0.0003764449
0.0003712424
0.0003717522
0.0003699469
0.0003701544
0.0003710126
0.0003768918
0.0003742404
0.0003801674
0.0003806309
0.000389226
0.00038675
0.0003859371
0.0003828818
0.0003808957
0.0003830694
0.0003792873
0.0003812097
0.0003767063
0.0003794
0.0003872162
0.0003858838
0.0003805016
0.000381643
0.0003859639
0.0003857373
0.0003787937
0.0003808357
0.0003826127
0.0003776585
0.0003777762
0.0003768828
0.0003694269
0.0003707581
0.0003734527
0.0003662735
0.0003563052
0.0003580462
0.000356045
0.0003593449
0.0003593212
0.0003656588
0.00036729
0.0003610122
0.0003644842
0.000367056
0.000359927
0.0003592029
0.0003658682
0.0003597432
0.0003675338
0.0003764785
0.0003735519
0.0003825499
0.0003781126
0.0003782283
0.0003778226
0.0003759576
0.0003713853
0.0003825121
0.0003812905
0.0003871622
0.0003944104
0.0003847613
0.0003767878
0.0003822065
0.0003831105
0.0003832741
0.0003842306
0.0003806435
0.000383637
0.0003801113
0.0003726393
0.0003628374
0.000362214
0.000366597
0.0003642991
0.0003648352
0.0003639126
0.0003615436
0.0003563637
0.0003519365
0.0003509432
0.000348103
0.0003493518
0.0003479415
0.0003473735
0.0003475052
0.0003428614
0.0003484293
0.000344704
0.0003447152
0.0003449648
0.0003443659
0.0003412973
0.0003446859
0.0003491928
0.000346983
0.0003531798
0.0003560983
0.0003570813
0.0003550299
0.0003581577
0.0003589367
0.0003533713
0.0003574676
0.0003543155
0.0003521357
0.0003515188
0.0003560051
0.0003545703
0.0003506627
0.00034918
0.0003474342
0.0003484801
0.0003449453
0.0003449241
0.0003455788
0.0003528278
0.0003566363
0.0003522653
0.0003577045
0.0003503458
0.0003476811
0.0003461151
0.0003500043
0.0003503039
0.0003474595
0.0003540102
0.0003551613
0.0003516533
0.0003509194
0.0003551174
0.0003578402
0.0003545829
0.0003519226
0.000355482
0.0003618347
0.000360533
0.0003587775
0.0003521887
0.0003639946
0.0003680131
0.000376443
0.0003769534
0.0003628396
0.0003618861
0.0003674626
0.0003635509
0.0003682638
0.0003643514
0.0003690868
0.0003685394
0.000371506
0.0003774644
0.0003818339
0.0003785953
0.0003799476
0.0003809547
0.0003813814
0.0003815693
0.0003760804
0.0003773643
0.0003724642
0.000369362
0.0003700469
0.0003687089
0.0003605042
0.0003620938
0.0003646172
0.0003696291
0.0003746969
0.0003743712
0.0003746029
0.0003748903
0.0003782677
0.0003849333
0.0003845293
0.0003839411
0.000387182
0.0003812636
0.0003856059
0.0003705178
0.0003753977
0.000368317
0.0003681194
0.0003772644
0.0003718961
0.0003695985
0.0003743811
0.0003692794
0.0003613464
0.0003592703
0.0003548332
0.000351127
0.0003456449
0.0003472468
0.0003495168
0.0003431718
0.0003402288
0.0003408857
0.000343765
0.0003418089
0.0003513893
0.000351106
0.0003548214
0.0003537802
0.0003519133
0.0003546085
0.0003538167
0.0003605653
0.0003659039
0.0003640577
0.0003663364
0.0003631681
0.0003626546
0.0003562305
0.0003506409
0.0003519779
0.0003532699
0.0003545887
0.0003550014
0.0003573658
0.0003550837
0.0003492461
0.0003432518
0.0003476751
0.0003435953
0.0003390645
0.0003405763
0.0003401433
0.0003420974
0.0003350694
0.0003378398
0.0003436086
0.000340262
0.0003442186
0.000341543
0.0003443152
0.0003448501
0.0003502336
0.000347121
0.0003373987
0.0003352912
0.0003348226
0.0003293284
0.000325169
0.0003181553
0.000314379
0.0003192326
0.0003224332
0.0003283206
0.000329037
0.0003324589
0.0003347767
0.0003458677
0.0003541253
0.0003571817
0.0003582933
0.0003634312
0.000363455
0.0003582209
0.0003554892
0.000353877
0.0003517672
0.0003543276
0.0003604987
0.0003631585
0.0003584712
0.0003575838
0.0003553283
0.0003515009
0.0003549637
0.0003574526
0.0003581014
0.0003589149
0.000355934
0.0003566078
0.0003529115
0.0003540111
0.0003571197
0.0003612188
0.0003623886
0.0003605992
0.0003663104
0.0003639676
0.000369488
0.0003643493
0.0003616113
0.0003646608
0.000367271
0.0003666698
0.0003695635
0.000369605
0.00036793
0.0003732857
0.0003738858
0.0003737063
0.0003674012
0.0003617248
0.0003595772
0.0003602653
0.0003590086
0.0003607984
0.0003624341
0.000367975
0.000373058
0.0003704972
0.0003604299
0.0003637031
0.0003626648
0.0003599687
0.0003659528
0.0003655101
0.0003584548
0.0003534544
0.0003598179
0.0003545659
0.0003585393
0.0003620129
0.0003657519
0.0003624018
0.0003590907
0.0003543509
0.000358925
0.0003520341
0.0003566036
0.0003567611
0.0003583954
0.0003612863
0.0003594628
0.0003621406
0.0003729691
0.0003712182
0.0003716082
0.0003772694
0.0003800164
0.0003759297
0.0003761888
0.0003861529
0.000381969
0.0003824276
0.0003820938
0.0003783797
0.0003830888
0.000390866
0.0003918701
0.0003824521
0.0003943714
0.0003901607
0.0003817435
0.000379314
0.0003753953
0.0003697361
0.0003602065
0.0003643693
0.0003652229
0.0003658509
0.0003657416
0.0003704062
0.0003759627
0.0003817244
0.0003796444
0.0003804017
0.0003781025
0.0003818452
0.0003829228
0.0003806556
0.0003795121
0.0003872204
0.0003906756
0.0003994763
0.0004073213
0.0004068397
0.0004064402
0.0003971671
0.0004007817
0.0003903112
0.0003864067
0.0003915909
0.0003900463
0.0003988275
0.0003956363
0.0003899963
0.0003895221
0.000379934
0.0003854661
0.0003839183
0.0003773889
0.0003848798
0.0003844388
0.0003840967
0.0003793677
0.0003772907
0.000364673
0.0003624993
0.0003580081
0.000358884
0.0003569349
0.0003550766
0.0003595105
0.0003551634
0.00035515
0.0003598962
0.0003600424
0.000364309
0.0003671086
0.0003805661
0.0003710198
0.0003769889
0.0003797594
0.0003769874
0.0003777936
0.0003750609
0.0003819711
0.0003878205
0.0003898701
0.0003830788
0.0003828179
0.0003803049
0.000379525
0.0003751657
0.0003784585
0.0003815842
0.0003711639
0.000380344
0.0003875472
0.0003890844
0.0003881095
0.0003858394
0.0003875042
0.0003876173
0.0003868542
0.00038348
0.000377523
0.000387214
0.0003866786
0.00038542
0.000389716
0.0003842504
0.0003905634
0.0003881112
0.0003864938
0.0003836467
0.0003797046
0.0003864556
0.000382977
0.0003857495
0.0003810169
0.0003853354
0.0003827857
0.0003729611
0.0003705792
0.0003687206
0.000379115
0.0003840608
0.0003773332
0.0003786336
0.0003822888
0.000385208
0.0003887273
0.0003810766
0.0003912105
0.0003934364
0.0003983349
0.0003981826
0.0003963363
0.0003975055
0.0003996609
0.0003991937
0.0004066852
0.000410325
0.0004095744
0.0004029901
0.0004025623
0.0003956365
0.0003948557
0.0003980133
0.0003940852
0.0003988191
0.0004008571
0.0004043354
0.0004092827
0.0004035321
0.0003990256
0.0004040833
0.0004009784
0.0003965441
0.0004059405
0.0003982076
0.0004010202
0.000401937
0.0004011707
0.0003960776
0.0003963776
0.0003893218
0.0003773643
0.0003740807
0.0003709082
0.0003748437
0.0003720928
0.0003755894
0.0003741267
0.0003650215
0.0003707411
0.0003704566
0.0003688634
0.0003689587
0.0003726624
0.0003755239
0.0003852273
0.0003801361
0.0003828332
0.0003863859
0.0003868961
0.0003926475
0.0003921316
0.0003902672
0.0003794639
0.0003799848
0.0003760042
0.0003778055
0.0003737155
0.0003675981
0.0003674223
0.0003710858
0.0003628313
0.0003667285
0.0003741886
0.0003792015
0.0003841253
0.0003953364
0.000386957
0.0003916308
0.0003899832
0.0003893697
0.0003865645
0.0003843471
0.0003834521
0.0003793735
0.0003736801
0.0003868544
0.0003842835
0.0003853149
0.000376023
0.0003833486
0.0003841832
0.0003788374
0.0003875612
0.0003894189
0.0003789911
0.0003829286
0.0003768663
0.0003834495
0.0003863173
0.0003804214
0.0003795391
0.0003851521
0.0003862215
0.0003883486
0.0003861006
0.0003854622
0.0003836886
0.0003857967
0.000380149
0.0003741845
0.0003805671
0.0003795534
0.0003749072
0.0003761126
0.0003740774
0.0003794448
0.0003751754
0.0003860148
0.0003876884
0.0003918854
0.0003944867
0.0003914268
0.000394621
0.0003937589
0.0003954192
0.0003947818
0.0003939023
0.0003967011
0.0004032199
0.0004087862
0.0004092915
0.0004036176
0.0003985426
0.0003997148
0.0003996914
0.000398139
0.0004025093
0.0004060915
0.0004002198
0.0004001296
0.0004009946
0.0003991476
0.0004037235
0.0003996725
0.0003997133
0.0004012868
0.0003974118
0.0003929037
0.0004004283
0.0004007218
0.0004054679
0.0004129521
0.000408586
0.0004029714
0.0003995307
0.0004011078
0.000398955
0.0004003997
0.0003966714
0.0003947457
0.0003817981
0.0003813682
0.0003830227
0.0003749863
0.0003722535
0.0003656168
0.0003603315
0.0003628619
0.0003620973
0.0003552055
0.0003470805
0.0003531988
0.0003498709
0.0003531196
0.0003507454
0.0003443444
0.000343598
0.0003424379
0.0003370844
0.0003367424
0.0003429295
0.0003410969
0.0003389335
0.0003396669
0.000339458
0.0003449776
0.0003398518
0.0003438708
0.0003421577
0.0003389352
0.0003385089
0.000333146
0.0003319363
0.0003348538
0.0003397501
0.0003375157
0.0003358146
0.0003352604
0.0003485774
0.0003479617
0.0003507107
0.0003530068
0.0003572124
0.0003604615
0.0003641301
0.0003701023
0.0003743783
0.0003726482
0.0003780267
0.0003780952
0.000376416
0.000373214
0.000372137
0.0003720433
0.0003681884
0.0003713334
0.0003663238
0.0003662566
0.0003612015
0.0003635385
0.0003632945
0.0003650295
0.0003643029
0.0003685456
0.0003740343
0.0003713674
0.0003679683
0.0003764426
0.0003737601
0.0003735388
0.0003796102
0.0003857225
0.0003855138
0.0003840625
0.0003858369
0.0003817211
0.0003824989
0.0003841746
0.0003937918
0.0003953054
0.0003911733
0.000385218
0.0003876229
0.0003817515
0.0003834785
0.0003897401
0.0003913768
0.0003875309
0.0003850346
0.0003867716
0.0003922062
0.0003855639
0.0003791041
0.0003804181
0.0003819381
0.00038208
0.000381363
0.0003805882
0.0003733283
0.0003766953
0.0003759159
0.0003694055
0.0003748532
0.0003789284
0.0003741471
0.0003828568
0.0003776074
0.0003814334
0.0003796668
0.0003723034
0.0003826514
0.0003770948
0.0003807102
0.0003782501
0.0003856132
0.0003872329
0.000391783
0.0003844987
0.0003783169
0.0003812461
0.00038277
0.0003798806
0.0003732738
0.0003723552
0.0003799001
0.0003849652
0.0003718122
0.0003679303
0.0003644416
0.0003593764
0.0003600294
0.0003634287
0.0003645619
0.0003600993
0.0003549698
0.0003606111
0.0003641752
0.0003618689
0.0003582049
0.0003564262
0.0003538158
0.0003536862
0.0003573368
0.0003587284
0.0003634911
0.0003620676
0.0003601016
0.0003590892
0.0003641906
0.0003603264
0.0003655424
0.0003565194
0.0003591747
0.0003633654
0.0003613244
0.0003696853
0.0003725685
0.0003742941
0.0003716937
0.000372205
0.000377478
0.0003780278
0.0003772544
0.0003847053
0.0003809531
0.000376833
0.000376719
0.0003733373
0.0003791822
0.0003815079
0.0003805722
0.0003857595
0.0003861775
0.000385742
0.0003886984
0.0003957443
0.0003934946
0.0003947672
0.0003865252
0.0003843296
0.0003787398
0.0003823883
0.0003833179
0.0003894072
0.0003846078
0.0003752079
0.0003683359
0.0003633766
0.0003602926
0.0003630825
0.0003611282
0.0003595416
0.0003576915
0.0003578922
0.0003621599
0.0003627887
0.0003599336
0.0003623371
0.0003588354
0.0003570072
0.0003512287
0.0003482551
0.0003448986
0.000341522
0.0003452218
0.0003351876
0.0003357011
0.0003399696
0.0003360801
0.0003437342
0.0003396193
0.000347574
0.0003464231
0.000351152
0.0003530141
0.000351037
0.0003578974
0.0003606995
0.0003613099
0.0003615728
0.0003623577
0.0003634061
0.0003639494
0.0003668573
0.0003625186
0.0003576914
0.0003579414
0.0003616619
0.0003617062
0.0003625962
0.000368832
0.0003670801
0.0003584896
0.0003565376
0.0003607623
0.0003629291
0.0003638527
0.0003752259
0.000377543
0.0003801624
0.0003802433
0.0003802118
0.0003768571
0.0003805061
0.0003818146
0.0003812803
0.0003838974
0.0003774855
0.0003743575
0.0003628421
0.0003625492
0.0003671969
0.0003672417
0.0003733296
0.0003743579
0.0003779052
0.0003814889
0.0003792646
0.0003839196
0.0003848634
0.0003880954
0.000383287
0.0003780045
0.0003683113
0.0003671509
0.0003767275
0.0003791033
0.0003787487
0.0003808698
0.0003808297
0.000384945
0.0003828693
0.000377139
0.0003746727
0.0003804863
0.0003798583
0.000383068
0.0003903966
0.0003838479
0.0003894709
0.000393251
0.0003948797
0.0003835872
0.0003855435
0.0003908473
0.000400783
0.0004035161
0.0004010701
0.0003960021
0.0003987261
0.0003967089
0.0003957644
0.0003932186
0.0003849066
0.0003847128
0.0003858437
0.0003869426
0.000384412
0.0003928656
0.0003868446
0.0003925418
0.0003959375
0.0003999307
0.0004054361
0.0004049161
0.0004189466
0.0004160368
0.0004172114
0.000409262
0.0004068659
0.0004101719
0.0004175497
0.0004176553
0.0004084968
0.0004104983
0.0004174816
0.0004167066
0.0004166894
0.0004171793
0.0004165704
0.0004127752
0.000409397
0.0004141167
0.0004097693
0.0004031513
0.0004002384
0.0003984562
0.0004046789
0.0004007699
0.0003962931
0.0003957156
0.000399139
0.0003924587
0.000384686
0.0003812251
0.0003817342
0.000388973
0.0003900749
0.0003794851
0.0003778898
0.0003690855
0.0003678816
0.0003669818
0.0003702861
0.000363182
0.0003637432
0.0003611001
0.0003619769
0.0003629516
0.0003588898
0.000355166
0.0003525986
0.0003437259
0.0003468211
0.0003440436
0.0003493798
0.000350916
0.0003463765
0.0003396038
0.0003417492
0.0003400829
0.0003411875
0.0003398723
0.0003435851
0.0003395353
0.000341712
0.0003391974
0.0003472564
0.0003501342
0.0003473627
0.0003408144
0.0003431785
0.0003394168
0.0003423234
0.0003461533
0.0003387574
0.0003366008
0.0003327233
0.000329676
0.0003296345
0.0003365064
0.0003294282
0.0003277175
0.0003278089
0.0003293397
0.0003277602
0.0003224634
0.0003312373
0.0003296575
0.0003260489
0.0003255388
0.000323451
0.0003296814
0.0003239224
0.0003229599
0.0003300135
0.0003343492
0.000339176
0.0003374008
0.0003358523
0.0003332423
0.0003334469
0.0003355129
0.0003350623
0.0003284259
0.0003273528
0.0003296507
0.000329694
0.0003233738
0.0003197927
0.000318029
0.0003142852
0.0003206298
0.0003156392
0.000317676
0.0003222166
0.0003187658
0.0003222314
0.0003177538
0.0003190044
0.0003218786
0.0003206553
0.0003219568
0.0003304076
0.0003270428
0.00032159
0.0003246461
0.0003360881
0.0003373146
0.0003401348
0.0003444146
0.0003448492
0.0003447875
0.0003438585
0.0003363551
0.0003316017
0.0003377536
0.000341462
0.0003415657
0.000345735
0.0003495474
0.0003438213
0.0003503505
0.0003440478
0.0003516826
0.0003531478
0.0003508199
0.0003512596
0.0003506961
0.0003475054
0.0003479332
0.0003485471
0.0003472872
0.0003487391
0.0003554528
0.0003624809
0.000371781
0.00037137
0.000374222
0.0003653254
0.0003635584
0.0003632413
0.0003640296
0.0003688814
0.0003671577
0.0003676682
0.0003653034
0.0003599053
0.0003584977
0.0003598816
0.0003666895
0.0003695776
0.0003663306
0.0003663731
0.0003654889
0.0003664152
0.0003623282
0.0003490281
0.0003456873
0.0003468248
0.0003421585
0.0003479692
0.0003449191
0.0003445297
0.0003443509
0.0003501343
0.0003550571
0.0003566006
0.0003602171
0.0003616366
0.0003620077
0.0003608239
0.0003610125
0.000357681
0.0003498184
0.0003514773
0.0003522672
0.0003453409
0.0003477964
0.0003477989
0.000350913
0.0003575388
0.0003537578
0.0003534212
0.0003577696
0.0003629195
0.0003585828
0.0003625959
0.0003670259
0.0003656247
0.0003800547
0.000377409
0.0003846616
0.000382442
0.0003736957
0.0003780017
0.0003662481
0.0003616368
0.0003666629
0.0003637255
0.0003608972
0.0003608126
0.0003601488
0.0003621911
0.000357657
0.0003535222
0.0003524465
0.0003510906
0.000344828
0.0003422334
0.0003457421
0.0003447871
0.0003480687
0.0003474288
0.0003469585
0.0003451761
0.0003394766
0.000340347
0.0003337168
0.0003354434
0.0003351039
0.000339247
0.0003460759
0.0003454625
0.0003517297
0.0003430932
0.0003481127
0.0003481949
0.000348864
0.0003492417
0.0003463239
0.0003531336
0.0003492434
0.0003496938
0.0003425494
0.000339227
0.0003464219
0.0003525267
0.0003542915
0.0003518281
0.0003547273
0.0003572052
0.0003586502
0.0003605368
0.0003633969
0.0003671789
0.0003567905
0.0003565211
0.0003647163
0.0003576608
0.0003546529
0.0003454357
0.0003410328
0.0003421108
0.0003413103
0.0003375144
0.0003361865
0.0003376902
0.000343166
0.0003386463
0.0003398051
0.0003389541
0.0003433766
0.00034499
0.0003394244
0.0003478509
0.0003576124
0.0003691143
0.0003622919
0.0003631116
0.0003657621
0.0003673453
0.0003622935
0.0003591493
0.0003582133
0.0003650974
0.000367902
0.0003673417
0.0003731563
0.0003737414
0.0003749753
0.0003792447
0.0003824143
0.0003816318
0.0003777473
0.0003785785
0.0003798543
0.0003792653
0.0003775561
0.0003799057
0.0003803525
0.0003807605
0.0003896365
0.0003831656
0.0003788547
0.0003863064
0.0003836178
0.0003843821
0.0003786212
0.0003816195
0.0003827771
0.0003871784
0.0003931826
0.0003914427
0.0003864566
0.0003853946
0.0003834956
0.0003895581
0.0003879894
0.0003827242
0.0003815934
0.0003813301
0.0003735975
0.0003737116
0.0003665864
0.0003687257
0.0003710091
0.0003694681
0.0003599084
0.0003515341
0.0003506207
0.0003533252
0.0003542902
0.0003587469
0.0003599595
0.0003639073
0.0003646692
0.0003693848
0.000368788
0.0003676827
0.0003754281
0.0003788506
0.0003768486
0.0003801557
0.0003786936
0.0003783826
0.0003803057
0.0003802639
0.0003818266
0.0003873397
0.0003928937
0.0003993225
0.0003865123
0.0003919935
0.0003993654
0.0003936984
0.0003915371
0.0003892106
0.0003967412
0.0004015842
0.0004014725
0.0003948495
0.0003931553
0.0003951986
0.0003950391
0.0004021926
0.0004056191
0.000405752
0.0004109276
0.0004115319
0.0004063686
0.0004094642
0.0004090498
0.000414073
0.0004014292
0.0004000775
0.0004042316
0.0004077316
0.0004133031
0.0004150101
0.0004318822
0.0004211118
0.0004222186
0.0004290207
0.0004265729
0.0004199542
0.0004108778
0.0004147429
0.0004175709
0.0004182065
0.0004120796
0.0004115576
0.0004228707
0.000420181
0.0004307521
0.0004224753
0.0004300527
0.0004263045
0.0004291041
0.000431808
0.0004346843
0.0004412078
0.0004437343
0.0004466639
0.000441029
0.0004385706
0.0004439698
0.0004379657
0.0004419256
0.0004545839
0.0004592003
0.0004492315
0.0004432934
0.0004415244
0.0004496124
0.0004485484
0.0004508592
0.0004511487
0.0004493294
0.0004499911
0.0004535365
0.0004432532
0.0004388959
0.0004338814
0.0004421277
0.0004353475
0.0004440902
0.0004414464
0.000453246
0.0004502497
0.0004464426
0.0004434678
0.0004379515
0.0004382779
0.0004368915
0.000433949
0.0004360182
0.000428554
0.0004250576
0.0004248125
0.0004207356
0.0004169176
0.0004128394
0.0004196035
0.0004118283
0.0004073679
0.0004127577
0.0004068891
0.0004125724
0.0004180926
0.0004090506
0.0004189895
0.0004043562
0.0004072651
0.0004120016
0.0004096766
0.0004100402
0.0004173466
0.0004209535
0.0004218722
0.0004203645
0.0004178437
0.000418558
0.0004180509
0.0004194384
0.0004307905
0.000425846
0.0004135031
0.0004104067
0.0004081733
0.0004076657
0.0004020288
0.0004018679
0.0003931378
0.0004027814
0.0004023123
0.0003917829
0.0003836215
0.00037871
0.0003805154
0.0003738975
0.0003705681
0.0003688158
0.0003667747
0.000364691
0.0003662119
0.0003670631
0.0003672221
0.0003630899
0.0003561787
0.0003585322
0.000362289
0.0003671032
0.0003678124
0.0003676699
0.0003724079
0.0003685786
0.0003691225
0.0003732615
0.0003664604
0.000358242
0.0003671153
0.0003685453
0.0003622821
0.0003681748
0.0003685293
0.0003639613
0.0003614744
0.0003599043
0.0003645734
0.0003675819
0.0003637109
0.0003618094
0.000353175
0.0003588836
0.0003622643
0.000359286
0.0003566616
0.0003590453
0.0003591127
0.0003579003
0.0003525361
0.0003451643
0.0003487938
0.0003410619
0.0003419029
0.0003396337
0.0003407135
0.0003414849
0.0003398804
0.00033844
0.0003473487
0.0003459128
0.0003359866
0.0003347891
0.00033078
0.000331002
0.0003318044
0.0003285553
0.0003247705
0.0003244622
0.0003262233
0.0003279009
0.0003258422
0.0003221847
0.0003182143
0.0003117716
0.0003116286
0.0003078216
0.0003097371
0.0003009889
0.0003027058
0.0003027464
0.0003084706
0.0003100057
0.0003068013
0.0003044048
0.0003054644
0.0003016363
0.0002995936
0.0003055995
0.0002981362
0.0002987025
0.0002975482
0.0002937728
0.0002956288
0.0002954561
0.0002914633
0.000287636
0.0002875094
0.000284945
0.0002853475
0.0002882875
0.0002882868
0.0002849118
0.000283455
0.0002865594
0.0002869984
0.0002856151
0.0002876301
0.0002874524
0.0002866371
0.0002891292
0.000292765
0.0002882219
0.0002938308
0.0002981248
0.0003059715
0.0003042385
0.0003125248
0.000302959
0.0003021985
0.000303403
0.0002975666
0.0003048727
0.0003071743
0.0003114141
0.000310829
0.0003106323
0.0003122087
0.0003127698
0.0003182231
0.0003211496
0.0003188896
0.0003168908
0.0003076577
0.0003060633
0.0003009393
0.0003034342
0.0003022577
0.0002994432
0.0003003761
0.0003044544
0.0003047705
0.0003085984
0.0003099442
0.0003127568
0.0003116245
0.0003184577
0.0003199677
0.0003179339
0.0003110977
0.0003079491
0.0003099112
0.0003072641
0.0003147349
0.0003182459
0.0003182482
0.0003133519
0.0003116939
0.0003124414
0.0003157417
0.0003149706
0.0003095616
0.0003070964
0.0003072212
0.0003030867
0.000299332
0.000298642
0.0003001107
0.0002992716
0.0003118227
0.0003153451
0.0003160556
0.0003146856
0.0003138944
0.0003186636
0.0003218137
0.0003202343
0.0003163468
0.0003153107
0.0003166705
0.000319957
0.0003233675
0.0003222754
0.0003195713
0.0003145386
0.0003217442
0.0003197519
0.000323321
0.0003173837
0.0003158711
0.0003228685
0.0003240784
0.000323274
0.0003172338
0.0003198857
0.0003211081
0.0003224343
0.0003276291
0.000323653
0.000322053
0.0003221393
0.0003160391
0.0003120737
0.000308856
0.0003076424
0.0003067955
0.0002969029
0.0003031741
0.0003039926
0.0003054946
0.0003102467
0.0003124707
0.0003118796
0.0003127185
0.0003199319
0.0003172671
0.0003200818
0.0003171936
0.0003230695
0.0003171199
0.00031254
0.0003098714
0.0003056864
0.0003038716
0.0003057435
0.0003070068
0.0003025313
0.000304087
0.0003006684
0.0003060813
0.0003072888
0.0003095522
0.000314787
0.0003171808
0.0003108673
0.0003110858
0.0003112031
0.0003099166
0.0003098943
0.0003067878
0.0003127247
0.0003100438
0.0003103137
0.0003074488
0.0003014322
0.0003049926
0.0003021472
0.0003002876
0.0002984367
0.0002927675
0.0002926317
0.0002957383
0.000297935
0.0002976024
0.0003027315
0.0002972119
0.0003001063
0.0002998355
0.0002974192
0.0002974492
0.0002978073
0.0003031039
0.0002987308
0.0002995074
0.0003035581
0.0003017261
0.0002972303
0.000291996
0.0002893477
0.0002932856
0.0002974522
0.0002980943
0.0002978062
0.0002948554
0.0002874575
0.0002855009
0.0002908453
0.0002897335
0.0002865691
0.000276971
0.000281876
0.0002862859
0.0002827772
0.0002843551
0.0002861013
0.0002825436
0.0002855935
0.0002856557
0.0002876271
0.0002908117
0.0002989028
0.0003036016
0.0003073527
0.0003084773
0.0003076176
0.0003060582
0.0003102716
0.0003109178
0.000307191
0.0003072374
0.000307563
0.0003078791
0.0003076584
0.0003061573
0.0002958577
0.0003032172
0.0003003479
0.0002993557
0.0002999792
0.0003026453
0.0003080141
0.0003041584
0.0003015651
0.0003011249
0.0003069746
0.0003091689
0.0003030514
0.0002966717
0.0002937574
0.0002929307
0.0002938583
0.0002987513
0.0002984312
0.0002979352
0.0002961583
0.0002967021
0.0002983974
0.0002982149
0.0002970289
0.0002979437
0.0003023496
0.0003055807
0.0003084118
0.0003098835
0.0003102052
0.0003115168
0.0003124028
0.0003084216
0.0003099679
0.0003037112
0.000302229
0.0003021909
0.0003066097
0.0003132524
0.0003133039
0.0003108106
0.0003056084
0.0003065116
0.0003056761
0.000301707
0.0003038531
0.0002933466
0.0002904997
0.0002941931
0.0002960881
0.000291648
0.0002915999
0.0002862521
0.0002829301
0.0002817652
0.0002852969
0.0002921305
0.000297814
0.0002978721
0.000293538
0.0002974233
0.0002941727
0.0002930467
0.0002854653
0.0002873374
0.0002871456
0.0002860616
0.0002811732
0.0002782273
0.000273743
0.0002703163
0.0002752528
0.0002760405
0.0002722875
0.0002728811
0.0002741376
0.0002726913
0.0002707464
0.0002754751
0.0002759
0.000274668
0.0002774802
0.0002726075
0.0002700764
0.0002692755
0.0002669425
0.0002681752
0.0002706324
0.0002692762
0.0002626037
0.000264766
0.0002611813
0.0002571723
0.0002550976
0.0002530586
0.0002490096
0.0002498619
0.0002446053
0.0002456599
0.0002497078
0.0002475268
0.0002450245
0.0002448964
0.000237936
0.0002333835
0.0002323408
0.0002352213
0.0002305645
0.0002327578
0.0002321969
0.0002333775
0.0002292498
0.0002294366
0.000228789
0.0002288825
0.0002257522
0.0002264217
0.0002245604
0.0002245529
0.0002208488
0.0002198039
0.0002221523
0.000223514
0.0002247912
0.0002259084
0.0002273868
0.0002264397
0.0002295132
0.0002369324
0.0002367861
0.0002390296
0.0002403905
0.0002460221
0.0002499925
0.0002474987
0.0002472589
0.0002399698
0.0002376586
0.0002341222
0.0002391745
0.000238506
0.000242668
0.0002420122
0.0002460534
0.0002440387
0.0002462958
0.0002439857
0.000246573
0.0002439622
0.0002333917
0.0002311546
0.0002303555
0.0002271193
0.0002292512
0.0002221619
0.0002226811
0.000225414
0.0002253533
0.0002224915
0.000220221
0.0002226765
0.0002202936
0.0002216822
0.000221598
0.0002171245
0.0002174168
0.0002237341
0.0002236703
0.0002239206
0.0002252932
0.0002288296
0.0002266209
0.0002246495
0.0002257188
0.000228319
0.0002294979
0.0002274666
0.0002308127
0.0002348326
0.0002326175
0.0002349549
0.000228954
0.0002281663
0.0002294718
0.0002328413
0.0002309991
0.0002317601
0.0002333203
0.0002383442
0.0002411817
0.0002449629
0.0002427482
0.0002454654
0.0002493577
0.000252187
0.00025801
0.0002617308
0.0002656106
0.0002654993
0.000270076
0.0002726432
0.0002743283
0.0002751864
0.0002766298
0.0002755481
0.000272379
0.0002685509
0.0002668262
0.0002626218
0.0002635419
0.0002600126
0.0002585769
0.0002602391
0.0002676339
0.0002638162
0.0002650263
0.000264953
0.000265491
0.0002651071
0.0002649262
0.0002682695
0.0002688327
0.0002663039
0.0002599139
0.0002581992
0.0002580822
0.0002513446
0.0002425812
0.0002402443
0.0002394942
0.0002450513
0.0002441665
0.0002424033
0.0002401197
0.000243261
0.0002413517
0.000241797
0.0002455287
0.000241138
0.0002418276
0.0002407187
0.0002359789
0.0002381888
0.0002388441
0.0002419486
0.0002393811
0.000241814
0.0002394058
0.0002347346
0.000235138
0.0002373897
0.0002402976
0.000237834
0.0002351314
0.0002362091
0.0002378242
0.0002407019
0.0002388964
0.0002414148
0.0002412885
0.0002424009
0.0002434814
0.0002442061
0.0002452395
0.0002502633
0.000251268
0.0002465077
0.0002469286
0.000244269
0.0002467852
0.0002495809
0.000249779
0.0002488689
0.000242852
0.0002427681
0.0002396697
0.0002397281
0.0002401061
0.0002423511
0.000242422
0.0002394333
0.0002395368
0.00024261
0.0002372566
0.0002429432
0.0002399236
0.000240187
0.0002430414
0.0002485717
0.0002501345
0.0002520788
0.0002540956
0.000251171
0.0002528846
0.0002556036
0.0002518297
0.0002526608
0.0002481661
0.000252241
0.0002490854
0.0002529325
0.0002521566
0.0002537643
0.0002559776
0.0002463108
0.0002481225
0.0002420159
0.0002421108
0.000248714
0.0002507262
0.0002497939
0.0002517478
0.0002526269
0.0002544061
0.0002568756
0.0002571689
0.0002595732
0.0002580715
0.0002582587
0.0002604497
0.0002599317
0.0002640643
0.0002680046
0.0002645205
0.0002619814
0.0002568205
0.0002553803
0.0002530437
0.0002516119
0.0002567867
0.0002573255
0.0002590116
0.0002571087
0.0002514261
0.000252084
0.0002516598
0.0002494006
0.0002449123
0.0002458601
0.0002429088
0.0002459701
0.0002491393
0.0002485874
0.0002525418
0.0002491551
0.0002489339
0.000249235
0.0002506239
0.000249489
0.0002516017
0.0002487002
0.0002493077
0.0002576581
0.0002560255
0.00025045
0.0002455773
0.0002453781
0.0002400674
0.0002430035
0.0002448958
0.0002391127
0.0002378161
0.0002349683
0.0002321474
0.0002327642
0.0002308279
0.0002339663
0.0002323123
0.0002360631
0.0002404522
0.0002385272
0.000238024
0.0002402131
0.0002445727
0.0002469794
0.0002433475
0.0002440491
0.0002405084
0.0002399032
0.000241681
0.0002426182
0.0002416164
0.0002401464
0.0002368127
0.000234365
0.0002350185
0.000235202
0.0002340224
0.0002324205
0.0002295925
0.000225798
0.0002207938
0.0002215902
0.0002197427
0.0002188085
0.0002198273
0.0002228972
0.0002264697
0.000229148
0.000229519
0.0002273507
0.0002308004
0.0002330348
0.0002328717
0.0002322956
0.0002288791
0.0002310586
0.0002324421
0.00023262
0.0002345353
0.0002354727
0.0002394699
0.0002343058
0.0002363463
0.0002345447
0.0002299306
0.000230398
0.000230829
0.0002317915
0.000231097
0.0002270892
0.0002274434
0.0002289349
0.0002308182
0.000234822
0.0002332206
0.0002348373
0.00023961
0.0002429873
0.0002406385
0.0002423759
0.0002405501
0.0002385416
0.000237285
0.0002380545
0.0002350347
0.0002375024
0.0002422399
0.0002459179
0.0002464349
0.0002504468
0.0002514422
0.0002560018
0.0002533073
0.0002537602
0.0002535704
0.0002492337
0.000247227
0.0002405889
0.0002435427
0.000241898
0.0002420282
0.0002386198
0.0002356699
0.0002341876
0.0002307196
0.000232848
0.0002340228
0.0002352457
0.0002387294
0.0002401238
0.0002381163
0.0002352338
0.000235419
0.000233707
0.0002322909
0.0002296283
0.0002275638
0.000228771
0.0002305389
0.0002259316
0.0002278832
0.0002308273
0.0002309433
0.0002286272
0.0002253283
0.0002226379
0.0002208979
0.0002220456
0.0002229014
0.000222108
0.0002235984
0.000224354
0.0002250577
0.000222977
0.0002194216
0.0002253377
0.0002221588
0.0002217893
0.0002261545
0.0002271732
0.0002277664
0.0002271604
0.0002269743
0.000219896
0.0002123859
0.0002124611
0.0002135222
0.0002173476
0.0002136013
0.0002106728
0.0002118179
0.0002076055
0.0002093939
0.0002061217
0.0002079884
0.0002126153
0.000210306
0.000208309
0.000203928
0.0002054601
0.0002106057
0.0002110193
0.0002153601
0.0002125388
0.0002134347
0.0002153893
0.0002137497
0.0002153058
0.0002154324
0.0002218313
0.0002238099
0.0002215265
0.0002176391
0.0002144111
0.0002138358
0.0002113967
0.0002069339
0.0002091327
0.0002094021
0.0002054941
0.0002117684
0.0002153142
0.0002108881
0.0002088467
0.0002084363
0.0002107426
0.0002105695
0.0002111175
0.0002129029
0.0002162971
0.0002144
0.0002158953
0.0002149993
0.0002138756
0.0002146191
0.0002142458
0.0002192352
0.0002199427
0.0002184901
0.000219302
0.0002226526
0.0002218535
0.0002221211
0.0002177087
0.0002205234
0.0002248786
0.000228776
0.0002273189
0.0002287316
0.0002280873
0.0002280139
0.0002305046
0.0002357135
0.0002381112
0.0002400162
0.0002424459
0.0002380154
0.0002355467
0.0002361779
0.0002355736
0.0002363643
0.0002384167
0.0002375034
0.0002391143
0.0002344159
0.0002400846
0.0002356061
0.000237779
0.0002353353
0.0002359558
0.000235327
0.0002396467
0.0002424588
0.0002441375
0.0002444371
0.0002388002
0.0002415109
0.0002460669
0.0002410521
0.0002395004
0.0002344233
0.0002346267
0.0002360963
0.0002285695
0.0002273126
0.0002248695
0.0002250594
0.0002253298
0.0002259794
0.000226054
0.0002256815
0.0002264537
0.0002276147
0.0002283879
0.000228441
0.0002244529
0.0002260452
0.0002301928
0.0002344762
0.0002324159
0.0002352355
0.0002363804
0.0002334856
0.0002350727
0.0002346226
0.0002286251
0.0002278753
0.000227373
0.0002273456
0.0002292204
0.0002286625
0.0002280477
0.0002287376
0.0002329105
0.0002368836
0.0002342822
0.0002345187
0.0002332771
0.0002352014
0.0002379894
0.000236669
0.0002371202
0.0002370122
0.0002362037
0.0002369556
0.0002372389
0.0002389494
0.0002424069
0.0002391021
0.0002388267
0.0002383562
0.0002441546
0.000244178
0.0002398235
0.0002382182
0.0002400628
0.000238569
0.0002380087
0.0002399655
0.0002373353
0.0002427739
0.0002410172
0.0002510607
0.0002511159
0.0002519269
0.0002453759
0.0002443595
0.000237861
0.0002346665
0.0002350868
0.0002386207
0.0002462596
0.0002432471
0.0002469974
0.000241337
0.0002439399
0.0002469995
0.0002436846
0.0002417789
0.0002452077
0.0002451306
0.0002487465
0.0002508281
0.0002556494
0.0002572747
0.0002644429
0.0002676106
0.0002657223
0.0002679784
0.0002729209
0.0002708473
0.0002748161
0.0002718408
0.0002676087
0.0002700464
0.0002701803
0.0002679874
0.0002666063
0.0002690004
0.0002683837
0.0002742959
0.0002713259
0.0002731689
0.0002740972
0.0002772484
0.0002817509
0.0002829857
0.0002831535
0.0002813179
0.0002862183
0.0002756172
0.0002700807
0.0002653046
0.0002682437
0.000269524
0.0002670959
0.0002676858
0.0002684003
0.0002704714
0.0002704491
0.0002710848
0.000268029
0.0002672601
0.000263995
0.0002655553
0.0002654551
0.0002691829
0.0002659846
0.000264449
0.0002642127
0.000260438
0.0002597133
0.0002603439
0.0002596773
0.0002646771
0.0002605363
0.0002564398
0.0002581494
0.0002538197
0.0002503563
0.000252279
0.000253296
0.0002513224
0.0002441709
0.0002391215
0.0002397055
0.0002388823
0.0002417978
0.0002447318
0.0002443003
0.0002448575
0.0002466922
0.0002416007
0.0002410599
0.0002463219
0.0002507328
0.0002442398
0.0002458734
0.0002480792
0.0002467502
0.0002428053
0.0002415128
0.000240515
0.0002410432
0.0002399031
0.0002387287
0.0002332332
0.0002415051
0.0002380798
0.0002387788
0.0002389681
0.000240199
0.0002382755
0.0002355148
0.0002363869
0.0002346293
0.0002364369
0.0002334846
0.000236401
0.0002441134
0.0002422971
0.0002448192
0.0002455511
0.0002414386
0.0002440068
0.0002471083
0.0002476852
0.0002492834
0.0002470002
0.0002474766
0.0002465277
0.0002430525
0.0002438013
0.0002448379
0.000246465
0.0002409886
0.0002370139
0.0002364673
0.0002361052
0.0002349647
0.0002323619
0.0002332123
0.0002326432
0.0002332434
0.0002327457
0.0002304583
0.0002318454
0.0002281235
0.000226752
0.0002240054
0.0002262983
0.0002285737
0.0002230639
0.0002230411
0.0002183259
0.0002180756
0.000221382
0.0002218321
0.0002227162
0.0002224602
0.0002232959
0.0002246074
0.000222583
0.0002252511
0.0002260091
0.0002271015
0.0002329722
0.0002281392
0.0002279006
0.0002294709
0.0002316146
0.0002314597
0.0002285011
0.000231754
0.0002335692
0.0002322016
0.0002316206
0.0002325928
0.0002287961
0.0002236967
0.0002249327
0.0002208217
0.0002182933
0.0002181843
0.0002249562
0.0002271159
0.0002274857
0.0002295313
0.0002315817
0.0002280754
0.0002264822
0.0002244345
0.0002174035
0.0002167114
0.0002217917
0.0002232102
0.0002249155
0.0002270371
0.0002244531
0.000226782
0.000223253
0.0002213951
0.0002158524
0.0002167247
0.0002186314
0.0002159473
0.0002147969
0.0002156477
0.000210991
0.0002094275
0.0002066191
0.0002088087
0.000213397
0.0002133942
0.0002169172
0.0002144175
0.0002126744
0.0002123395
0.0002144967
0.0002146312
0.0002179605
0.0002180002
0.0002200198
0.0002241034
0.0002239046
0.0002254816
0.0002242878
0.0002216742
0.0002205966
0.0002231255
0.0002201934
0.0002224895
0.0002260272
0.0002239166
0.0002290817
0.0002265956
0.0002220528
0.0002192891
0.0002194952
0.0002183665
0.0002172357
0.0002151745
0.0002145852
0.0002178353
0.0002166139
0.0002189866
0.0002201224
0.0002216061
0.0002224316
0.0002217536
0.0002233036
0.0002279361
0.0002354797
0.0002389117
0.0002390098
0.0002415946
0.0002376337
0.0002360213
0.0002331166
0.0002283418
0.0002261918
0.0002231524
0.0002246289
0.0002209764
0.0002265368
0.0002264009
0.0002228368
0.0002200303
0.0002203136
0.0002229897
0.0002239132
0.0002201268
0.0002190785
0.0002166525
0.0002178296
0.0002192493
0.0002170737
0.0002160446
0.0002169389
0.0002140445
0.0002174049
0.0002159509
0.000219998
0.0002237489
0.0002267387
0.0002245049
0.0002241587
0.0002219074
0.0002274219
0.0002228778
0.0002171743
0.0002197102
0.0002185618
0.0002157293
0.000212383
0.0002110865
0.0002144858
0.000210197
0.000208725
0.0002119709
0.0002108243
0.000207757
0.0002029861
0.0002001375
0.0001976643
0.0001969172
0.0001972027
0.0001962893
0.0001957298
0.0001930619
0.0001965245
0.0002002787
0.0002010268
0.0002020109
0.0002011283
0.000203023
0.0002042754
0.0002011827
0.0002038612
0.0002028825
0.0001988274
0.0001972501
0.0001942024
0.0001955322
0.0001980961
0.0001986701
0.0001979623
0.0001973126
0.0001983853
0.0001997195
0.0001948901
0.0001969925
0.0002009644
0.0001977257
0.000196532
0.0001937836
0.0001947376
0.0001987535
0.0001962823
0.0001936169
0.000195597
0.0001996176
0.0002008891
0.0002029369
0.0002026554
0.0002044533
0.0002062722
0.0002067666
0.0002098035
0.0002039286
0.0002014377
0.0002000715
0.0001987321
0.00019793
0.0001965637
0.0001948512
0.0001956259
0.0001927661
0.000192655
0.0001950411
0.0001971007
0.0001931718
0.0001959324
0.0001961183
0.0001968741
0.0001971754
0.0001978799
0.0001947995
0.0001935998
0.0001982753
0.0001958085
0.000196709
0.0001935743
0.0001926603
0.0001938192
0.000195474
0.0001944858
0.0001911267
0.0001916273
0.0001892172
0.0001915393
0.0001906291
0.0001878192
0.0001921226
0.0001923566
0.0001917055
0.0001939476
0.0001918124
0.0001865384
0.0001853444
0.0001901777
0.0001899074
0.0001896749
0.0001938072
0.0001951488
0.0001954681
0.0001927447
0.0001948372
0.0001900431
0.0001923839
0.0001975043
0.0001999972
0.0002007832
0.0002057292
0.0002077552
0.0002058977
0.0002066306
0.0002107113
0.0002059053
0.0002045288
0.0002052817
0.0002047307
0.0002013154
0.0001961656
0.0001972214
0.0001955836
0.0001952096
0.0001940959
0.0001911824
0.0001917509
0.0001911875
0.0001912512
0.0001906055
0.000191308
0.0001888267
0.0001930818
0.0001923732
0.0001905239
0.0001895928
0.0001895419
0.0001865927
0.0001893595
0.0001873898
0.000190568
0.0001914271
0.0001915411
0.0001862602
0.0001834562
0.0001857131
0.0001907217
0.0001904051
0.0001924757
0.0001927235
0.0001933846
0.0001919831
0.0001956535
0.0001958249
0.0001935323
0.0001941967
0.0001945423
0.0001929984
0.0001929852
0.0001975944
0.0002002867
0.0001950086
0.0001969592
0.0001958077
0.0001965169
0.0001986147
0.0001931388
0.0001926535
0.0001947527
0.0001964077
0.000197277
0.0001941856
0.0001888376
0.0001908839
0.0001918962
0.0001921484
0.0001944801
0.0001948819
0.0001923343
0.0001955759
0.0001921246
0.0001897764
0.0001899884
0.0001843356
0.0001827381
0.0001840174
0.0001852513
0.000183658
0.000182468
0.0001799895
0.0001801233
0.0001809938
0.0001782109
0.0001803486
0.0001828574
0.0001815139
0.0001830516
0.0001843621
0.0001847359
0.0001854643
0.0001803625
0.0001797914
0.000176564
0.00017654
0.000177151
0.0001789713
0.0001772608
0.0001764256
0.0001769831
0.0001776776
0.0001783696
0.0001789705
0.0001807615
0.0001796383
0.0001797098
0.0001799912
0.0001774769
0.0001801548
0.0001800391
0.0001803831
0.0001802902
0.0001788741
0.0001799589
0.0001799742
0.0001803571
0.0001819495
0.0001844222
0.0001833514
0.0001793782
0.000182508
0.0001846667
0.0001866479
0.0001874349
0.0001866226
0.0001882053
0.0001875257
0.0001898846
0.0001882831
0.000192497
0.0001950537
0.0001964481
0.0001937663
0.0001910983
0.0001915376
0.0001913196
0.0001877498
0.0001916571
0.0001934472
0.0001960243
0.0001952045
0.0001956659
0.0001929845
0.0001923098
0.0001935604
0.0001914507
0.0001927124
0.0001910807
0.0001912406
0.0001894554
0.0001881135
0.0001908726
0.0001885624
0.0001908026
0.0001953777
0.0001947579
0.0002004045
0.0002012733
0.0002042992
0.0002058156
0.0002071298
0.0002081236
0.000208934
0.0002084047
0.0002075538
0.0002068607
0.0002042733
0.0002022061
0.0002046347
0.0002028916
0.0002018435
0.0002048218
0.0002077742
0.0002071515
0.0002043379
0.0002047561
0.0002048755
0.0002008125
0.0001963299
0.0001957759
0.0001960525
0.0001953793
0.0001959264
0.0001940424
0.0001912967
0.000190683
0.0001911317
0.0001936446
0.0001907843
0.0001939028
0.0001917519
0.0001876483
0.0001890387
0.0001903092
0.0001905932
0.0001955692
0.0001982918
0.0001937098
0.0001983323
0.0001965392
0.0001933537
0.0001953531
0.0001973286
0.0001952097
0.0001940219
0.0001933162
0.0001916472
0.0001875988
0.0001880747
0.0001883886
0.0001885683
0.0001879083
0.0001879959
0.0001885106
0.0001896019
0.0001847821
0.0001857089
0.0001882527
0.0001888065
0.0001853959
0.0001862136
0.0001861502
0.0001870484
0.0001911488
0.0001885154
0.0001873128
0.0001891655
0.0001853126
0.0001859831
0.0001847332
0.0001877905
0.0001909831
0.0001918215
0.0001899572
0.0001885926
0.0001880278
0.0001859492
0.0001853825
0.0001792016
0.0001811003
0.0001805993
0.0001781906
0.0001784158
0.0001775638
0.0001774984
0.0001750405
0.0001763204
0.0001785765
0.0001776989
0.0001773808
0.0001796839
0.0001823716
0.0001822766
0.0001822014
0.0001809115
0.000181993
0.0001817244
0.0001805297
0.0001834928
0.0001844638
0.0001880677
0.0001847844
0.0001869912
0.0001919285
0.0001966492
0.0001983175
0.0001997594
0.0002015751
0.0001989927
0.0001967776
0.0001947252
0.0001947371
0.0001957081
0.0001945296
0.0001973439
0.0001945749
0.0001945062
0.0001940269
0.0001933293
0.0001949127
0.0001945399
0.0001960552
0.0001952041
0.0001974411
0.0001948525
0.0001928912
0.0001939722
0.0001950701
0.0001965544
0.0001970522
0.000200446
0.0001990991
0.0002038085
0.000202862
0.0002050739
0.0002029441
0.0002012347
0.0001963243
0.0001955772
0.0002011751
0.0001986477
0.0002002341
0.0002080848
0.0002103502
0.0002129022
0.0002098454
0.0002081912
0.0002113598
0.0002128333
0.0002113855
0.0002140517
0.0002188058
0.0002174809
0.0002169257
0.00021997
0.0002224221
0.0002168557
0.0002179537
0.0002182694
0.0002194517
0.0002204731
0.0002141987
0.0002113655
0.0002127178
0.0002162038
0.0002160966
0.0002190924
0.0002207014
0.0002219246
0.0002288368
0.0002296284
0.0002320272
0.0002291813
0.0002274561
0.0002244771
0.0002267019
0.0002242706
0.0002195318
0.000223859
0.0002248765
0.0002278464
0.0002268815
0.0002229675
0.0002248174
0.0002237621
0.0002239415
0.0002255047
0.0002265015
0.0002234478
0.0002246637
0.0002222847
0.0002228933
0.0002228578
0.0002216498
0.0002236046
0.0002207366
0.0002209804
0.0002211541
0.0002194292
0.0002177847
0.000219665
0.0002171079
0.0002141701
0.0002101618
0.0002117802
0.0002107239
0.000210117
0.0002129944
0.0002099351
0.0002136833
0.0002131747
0.0002131146
0.0002134398
0.000218182
0.0002151628
0.0002157397
0.0002148774
0.0002163875
0.0002180258
0.000216387
0.0002208429
0.0002161407
0.0002171545
0.0002158235
0.0002176508
0.0002154789
0.0002183867
0.0002166854
0.0002155911
0.0002202255
0.0002208353
0.0002184291
0.0002179435
0.0002149116
0.0002212873
0.0002167151
0.000218256
0.0002200198
0.000221037
0.0002146373
0.0002172928
0.0002156288
0.0002155485
0.000219471
0.0002210046
0.0002231239
0.0002196145
0.0002182554
0.0002213051
0.0002160856
0.0002159691
0.0002167003
0.0002143491
0.0002134993
0.0002158684
0.0002139161
0.0002163542
0.0002140892
0.0002202731
0.0002188366
0.0002177314
0.0002180712
0.0002148736
0.0002174207
0.0002231739
0.0002182535
0.0002176748
0.0002150068
0.0002186042
0.0002150934
0.0002173011
0.0002225575
0.000222954
0.0002213104
0.0002228978
0.0002218047
0.0002196907
0.0002190394
0.0002210524
0.0002176538
0.0002184199
0.0002168503
0.000219747
0.0002203132
0.0002219504
0.0002220381
0.0002212111
0.0002252101
0.0002258705
0.000228017
0.0002323071
0.0002328511
0.0002371246
0.0002405608
0.000240704
0.0002413959
0.0002402118
0.0002394901
0.0002363774
0.0002419762
0.0002398765
0.0002389244
0.0002385436
0.0002407834
0.0002415858
0.0002400415
0.0002380766
0.0002402394
0.000237398
0.0002359672
0.0002380921
0.0002421933
0.0002443678
0.0002438266
0.0002467482
0.0002478372
0.0002439975
0.0002493112
0.0002496301
0.0002481152
0.0002460241
0.0002468718
0.0002454795
0.0002436103
0.0002433794
0.0002427583
0.000237965
0.0002421347
0.0002369197
0.0002402191
0.0002373894
0.0002365517
0.0002370072
0.000236743
0.0002381952
0.0002413592
0.0002403793
0.0002393635
0.0002401463
0.0002367104
0.000239681
0.00024093
0.000239021
0.0002418251
0.0002407885
0.0002422763
0.0002441399
0.0002459876
0.0002459963
0.0002474532
0.0002460446
0.0002460138
0.0002507868
0.0002525055
0.0002492602
0.0002531097
0.0002505338
0.0002567885
0.0002563969
0.0002515342
0.0002511994
0.0002550842
0.0002580853
0.0002544393
0.0002538821
0.0002535208
0.0002552553
0.0002558893
0.0002561842
0.0002597028
0.0002603958
0.0002579717
0.0002571522
0.0002597965
0.000258168
0.0002570784
0.0002575624
0.0002611895
0.00026359
0.0002659106
0.0002646145
0.0002588057
0.0002518053
0.0002527173
0.0002521342
0.0002512999
0.0002535329
0.000248753
0.0002453198
0.0002441503
0.0002408032
0.0002429348
0.0002423799
0.0002418373
0.0002440076
0.0002452125
0.0002416177
0.0002383217
0.000238384
0.0002386128
0.0002416128
0.0002381334
0.0002396854
0.0002415583
0.0002406996
0.0002401792
0.0002397584
0.0002437387
0.0002485303
0.000254141
0.0002476247
0.0002478558
0.0002457566
0.0002474078
0.0002461438
0.0002568137
0.0002541634
0.0002612487
0.0002561837
0.0002502345
0.0002535284
0.0002557423
0.0002565776
0.0002544026
0.0002561849
0.0002600648
0.0002590163
0.0002605929
0.0002640058
0.000263083
0.0002595823
0.0002624404
0.0002671228
0.0002647018
0.0002631279
0.0002715406
0.0002628116
0.0002672916
0.0002680162
0.0002678095
0.0002767216
0.0002725332
0.0002689555
0.0002676516
0.0002664087
0.0002668624
0.0002714294
0.0002766162
0.0002751583
0.0002777869
0.000276188
0.0002752953
0.0002796888
0.0002708986
0.0002700064
0.0002718527
0.0002695288
0.0002688315
0.0002640472
0.0002660767
0.0002655691
0.0002615949
0.0002657209
0.0002681058
0.0002648026
0.0002621499
0.0002643492
0.0002654612
0.0002701662
0.0002706076
0.0002755327
0.0002770362
0.00027971
0.0002777867
0.0002763508
0.000276664
0.0002763596
0.0002752698
0.0002723896
0.0002682543
0.0002705658
0.0002744835
0.0002691191
0.0002673716
0.0002624634
0.000262256
0.0002575171
0.0002581048
0.0002569759
0.0002579028
0.0002540754
0.0002560075
0.0002532438
0.0002486764
0.0002492173
0.000253816
0.0002577946
0.0002515258
0.0002489168
0.000251226
0.0002478369
0.0002474612
0.0002476032
0.0002486074
0.0002435521
0.0002491926
0.0002517212
0.0002483966
0.0002517121
0.0002463137
0.0002451801
0.000241454
0.0002415782
0.0002437327
0.0002393112
0.0002400015
0.0002432201
0.0002375382
0.0002385291
0.0002355963
0.0002368724
0.0002371448
0.0002396125
0.0002379987
0.0002367724
0.0002374667
0.0002448725
0.0002455502
0.0002421106
0.0002385079
0.0002402833
0.0002388288
0.0002411502
0.0002439224
0.0002469704
0.0002472724
0.0002509732
0.000244884
0.0002437539
0.0002462084
0.00024736
0.0002430099
0.0002412542
0.000242688
0.0002376246
0.0002368716
0.0002364955
0.0002300515
0.0002248304
0.0002271123
0.000225798
0.0002234792
0.0002226392
0.0002233035
0.0002218886
0.0002233781
0.0002262588
0.0002313457
0.0002275988
0.000226594
0.0002244513
0.0002246587
0.0002237748
0.0002262874
0.0002260113
0.0002290897
0.000227814
0.0002358446
0.0002335102
0.0002335766
0.0002329817
0.000230527
0.0002317724
0.0002341728
0.0002344615
0.0002356729
0.0002311863
0.0002326256
0.0002322601
0.0002373433
0.0002393249
0.0002448422
0.0002441441
0.0002470211
0.000246585
0.0002454404
0.0002449298
0.0002464165
0.00024308
0.0002412657
0.0002422641
0.0002432556
0.0002411618
0.0002362106
0.0002371957
0.0002357761
0.0002382352
0.000235495
0.000234378
0.0002355381
0.0002370495
0.0002395982
0.0002325074
0.0002308016
0.0002310528
0.0002328294
0.0002337784
0.000232462
0.0002320384
0.0002300598
0.0002252882
0.0002269262
0.0002286006
0.0002309416
0.0002337057
0.0002360857
0.0002325504
0.0002309346
0.0002311417
0.0002308612
0.0002295501
0.0002266425
0.0002245838
0.0002237824
0.0002280465
0.000224743
0.0002268343
0.0002251531
0.0002269362
0.0002243705
0.0002242622
0.0002223863
0.0002246273
0.0002204973
0.0002211281
0.000221041
0.0002215487
0.000225054
0.0002189824
0.0002179189
0.000216359
0.0002158368
0.0002154131
0.0002151423
0.0002111566
0.000214325
0.000214599
0.0002128227
0.000214143
0.0002177939
0.0002171964
0.0002172844
0.0002241105
0.0002261788
0.0002287964
0.0002251888
0.0002221204
0.0002195315
0.0002163516
0.0002175188
0.000217134
0.0002167107
0.0002199361
0.0002251391
