7.447742
6.182548
7.01079
7.851731
8.439383
7.276745
7.29392
6.973214
7.089677
9.238228
9.543861
6.628184
6.846356
8.243839
6.894522
8.689465
7.806285
6.988645
8.789054
7.831576
7.882903
8.392255
8.589534
8.167845
7.649209
8.614249
8.678068
7.747738
7.874262
8.476553
8.090446
8.843272
8.108619
7.070775
7.880831
8.594417
7.343918
8.112093
7.381846
8.195667
7.106347
9.956363
7.96463
7.582623
7.911855
6.76164
7.878027
7.060985
7.894885
8.606001
7.599032
7.345755
8.078396
8.55832
6.569952
8.876318
8.271522
8.120793
7.840707
8.084221
7.085782
6.801628
7.356739
7.396348
9.016511
10.64348
7.389052
8.715924
7.850908
7.037693
8.644785
8.604407
8.356069
8.844745
9.675244
8.699755
9.101682
9.577673
8.549515
8.177364
8.625871
7.193486
8.417505
6.899429
10.41778
9.102553
8.327345
9.107186
8.312363
8.629985
8.87773
8.661408
7.196021
6.69878
8.764696
9.734226
6.43294
7.48043
7.519885
8.056518
8.370305
8.512865
8.830288
8.315301
7.213464
8.364645
8.063195
6.915013
8.484712
7.67356
7.442369
8.846577
8.050736
7.894142
7.964002
8.100908
8.138938
8.127103
8.528737
8.028223
8.565467
9.122154
7.834884
7.669805
7.078216
9.314298
8.268123
6.729454
7.187008
8.621348
7.432162
7.619526
7.264985
9.424112
7.679761
7.68051
9.10911
9.466487
7.907181
7.849342
8.129913
7.762882
9.177091
7.148963
8.225878
7.891677
7.44732
7.610322
7.55035
7.513737
8.005616
8.995276
9.166597
7.589985
9.860894
9.608211
8.112888
9.335176
8.86382
9.08797
7.659513
8.910636
9.268701
8.068261
8.687885
8.70978
7.619907
8.595206
8.156772
8.463843
7.388966
8.65618
7.668553
8.26834
8.304182
6.569976
8.392286
8.392119
8.642786
7.972483
7.085869
9.405788
8.277055
9.236281
8.044279
7.997755
7.748087
10.16276
7.723363
9.488873
8.385512
7.643284
7.418693
8.717411
8.332409
7.542619
7.819272
11.33493
7.921544
9.68829
9.609206
9.683792
7.676473
9.642481
8.585672
7.649412
8.846476
9.643627
10.83882
9.777799
8.282885
8.33953
6.71398
8.407892
9.726818
8.253391
8.191361
8.203165
10.01791
6.827121
9.032288
9.173509
9.071147
7.541778
9.306327
8.104774
8.742007
7.370737
8.231714
8.540314
7.991742
8.599331
8.524868
9.049432
8.223857
7.294568
7.961065
8.992731
7.971647
8.885041
8.320862
7.57549
9.035077
8.462217
8.870287
8.782307
7.421679
8.095332
9.36942
9.125102
9.425276
9.179242
7.814795
8.040085
6.276873
9.022327
10.31697
8.585523
8.709201
7.574577
8.026206
9.34151
8.674631
7.592818
9.263342
7.842704
8.06684
10.20342
8.244424
8.742708
9.300657
8.320503
7.464598
8.317319
8.738618
8.707758
7.981324
8.386131
7.645337
8.125053
7.548277
7.922757
10.38421
7.880742
8.969536
8.320083
7.488968
9.282831
8.545867
8.995977
7.330664
7.359737
7.152161
8.471057
7.756628
9.572918
8.366926
8.084422
7.71836
8.054288
7.071856
9.039586
9.437189
7.749924
7.264503
8.649188
9.520982
6.939304
8.07882
6.691836
7.837509
8.047415
8.602526
7.794581
8.985179
8.860831
6.653368
8.114381
8.203889
9.956812
7.902526
8.702238
7.466503
8.927133
10.06607
9.126876
8.179214
9.366792
8.391611
7.318879
6.654383
8.948487
9.578217
7.824423
9.17713
7.803276
9.02761
7.837657
7.705368
8.699045
6.949662
9.251734
8.632542
7.884455
8.468968
8.760355
7.876371
6.67878
8.385617
9.021272
8.735037
7.744272
7.536445
8.696358
9.451555
8.770342
8.252755
7.936683
7.445739
8.195165
7.16706
8.195983
7.648421
8.929378
8.173206
8.288269
8.291185
8.971337
7.883793
7.706204
7.890395
10.59557
8.461372
8.322412
8.23541
7.463345
8.914355
8.325914
9.824563
10.57015
7.739423
8.966263
9.206043
8.070771
7.6575
7.428441
8.856385
8.905292
8.309794
7.297897
9.344632
8.2239
8.979077
7.516658
8.028316
8.709016
6.45811
6.787907
7.889266
7.720323
7.997315
8.988081
9.022641
9.024555
8.802538
9.200622
10.22
10.25709
8.990801
8.336784
7.408835
9.530645
8.934162
9.234203
7.798081
10.05402
9.181746
9.110527
9.393361
8.795879
7.589136
8.174391
8.567325
8.623291
7.84922
8.319261
9.032601
8.882679
8.700933
8.182643
9.003553
9.339158
7.885299
7.464284
7.708599
7.378065
8.154671
8.234326
7.756995
10.56355
10.58113
8.756446
8.507181
9.296359
7.78016
7.887682
8.273975
8.280738
7.063374
9.320279
9.159577
7.840933
8.516837
7.242022
8.800957
9.096468
8.076636
7.04441
8.522566
10.14591
8.807636
9.036647
6.947001
8.145015
7.534822
7.518053
10.66105
9.381851
8.992795
10.07629
8.294737
7.198971
9.72543
9.31536
7.606745
8.844446
9.809567
9.42967
8.395813
9.702051
8.464364
7.538195
8.304306
9.086495
8.925307
8.108901
8.760671
9.71453
7.863326
8.504218
8.47214
8.764556
8.676542
9.566725
8.117886
8.169776
7.852723
8.495437
8.861699
8.275807
8.804806
8.697949
7.675878
8.920426
7.639979
9.465268
8.615689
9.484746
7.616168
8.140757
8.41205
7.844999
9.311934
7.062232
9.058148
8.083136
9.369912
6.898109
10.73593
9.336577
8.507987
7.84181
7.542909
7.909295
7.539784
9.16422
8.842857
8.99913
8.364524
8.747737
9.856203
8.949664
8.633363
8.505201
9.388473
7.311907
10.04723
8.317277
8.342144
10.13429
9.078228
7.289697
7.860255
7.683784
8.645275
10.6568
8.068682
8.082276
10.84033
9.589294
7.747416
9.289247
8.719587
8.389312
7.514569
9.877154
9.535046
8.523826
8.063689
9.33774
8.323547
9.321011
7.730734
7.907468
9.482725
8.029716
8.580684
8.356966
8.076484
8.784744
10.37653
8.265602
9.431279
7.483572
7.728147
6.709501
8.757254
8.139047
7.494388
7.711194
7.901318
8.717547
8.40274
8.552918
9.025821
10.10801
7.847604
9.159093
9.001559
10.57381
7.901094
7.936003
9.400168
8.01265
7.655142
9.186367
8.02446
7.352226
7.664441
7.782924
8.256825
7.300675
8.472743
8.304966
8.571154
8.023567
8.505543
9.500461
7.871392
8.952384
7.538077
7.08858
6.828245
8.318152
8.074858
7.923663
7.375707
8.390824
9.378533
9.623655
9.02323
8.235043
8.864566
9.408407
8.199769
9.612645
9.169207
8.7963
9.037912
7.70709
8.899314
9.913343
9.447561
8.847827
8.707695
9.732569
9.760721
8.538728
8.711963
8.304343
8.641824
8.633945
9.244298
7.40085
8.844324
9.192014
7.7642
9.494685
7.595223
7.538605
7.279995
8.000673
9.422003
7.155906
9.857656
8.77413
8.256866
8.443796
7.65793
7.836217
8.689565
9.281852
9.8048
9.99126
7.358813
8.238573
8.613726
7.647366
7.372054
8.205642
9.107672
7.796505
10.86397
8.78947
6.863914
9.100996
9.526277
8.647752
8.284809
7.206946
8.635048
9.091609
8.199086
8.975536
8.945391
7.198212
8.8212
6.994591
7.972636
8.220093
8.447192
6.733402
8.979688
7.643946
6.75557
6.950796
9.338689
7.607009
9.324218
7.566659
7.87281
9.643013
8.472492
7.176708
7.817143
9.016995
8.553002
8.817316
9.558387
10.29196
7.673008
7.425507
7.613261
7.938681
7.476878
8.430846
7.321328
7.406065
7.989541
8.43812
8.238087
9.587775
8.598171
8.068227
8.235616
7.854899
8.193304
8.872327
6.828942
8.702533
7.200707
9.912752
8.296888
9.123661
8.231016
8.892402
8.373628
8.443101
8.396614
7.598048
7.959125
7.648969
9.673024
10.16636
9.661018
9.912212
8.240723
8.298638
8.033857
8.01716
9.146994
7.799798
8.826583
7.588923
8.763176
8.195013
8.749039
7.67128
7.744557
6.807519
9.031186
8.6849
8.939731
9.32516
8.935751
8.984546
9.347377
8.281874
9.042928
6.831645
8.195036
8.18343
8.104813
7.442847
7.711068
8.616224
8.720232
10.69054
8.649166
9.289806
10.19242
7.715113
8.762786
8.104778
8.162905
9.287704
8.785547
7.935379
8.713556
7.633781
6.680016
7.790309
9.698869
9.619183
8.045392
7.848042
7.39448
8.25344
8.235379
9.594872
8.70078
7.730546
7.749925
7.205174
7.802594
7.168295
8.243276
7.357501
8.503632
8.426758
8.847925
10.31127
7.537073
9.409104
9.169323
8.815959
6.297679
8.782779
9.605175
8.765917
9.145582
8.823522
8.705876
8.317511
8.438391
9.463649
7.28467
7.672686
9.984544
8.646656
9.73712
10.39129
7.559359
8.604898
9.229578
8.265438
10.57153
8.328953
8.933439
7.910979
9.821702
8.743426
8.031624
7.909154
8.688563
10.44461
9.330506
8.238147
7.948957
7.646658
8.00782
8.251558
9.90358
7.62657
8.140936
7.644446
7.307513
7.600587
9.118163
7.915861
8.875405
7.833597
8.780411
9.231333
9.437314
8.774733
8.708361
8.884833
11.1681
9.159025
7.873909
8.875782
8.608207
9.382901
8.895197
7.819789
8.002281
9.494106
7.769415
8.640781
9.607055
9.398954
6.820292
7.353469
8.5873
9.25753
8.216266
8.955782
8.862526
7.920321
8.425798
8.470275
8.016203
7.966719
9.30571
7.872475
9.468393
8.331015
8.654867
10.54749
9.205612
8.751496
8.870809
9.077531
8.041516
6.942151
8.231878
9.163844
9.464693
8.326207
9.749314
8.919912
8.413725
8.072321
7.778412
8.202989
8.950171
8.94526
8.530416
8.491116
8.092269
9.022896
8.481753
9.599708
10.00786
9.215656
8.292928
8.830077
9.211909
9.39896
7.339316
7.995932
9.716759
7.932625
8.627121
8.659415
10.19613
8.593704
7.920527
8.346128
8.563727
7.305354
8.435183
8.450867
7.232917
8.762792
7.68725
9.105845
7.649188
11.16242
9.866037
11.40429
8.26906
8.149428
8.722695
9.148881
7.72501
9.382553
7.466502
8.315674
9.877472
8.418222
9.026032
8.289953
9.707892
8.772151
9.257952
6.641332
7.594633
8.409176
8.373206
7.572668
9.780414
9.508663
7.848083
8.459513
10.54214
10.45445
7.680765
9.413913
10.14592
8.210864
8.220089
9.640646
9.898999
9.495197
9.060858
9.300943
8.952877
9.208792
8.131262
7.380233
7.762073
8.801005
9.685729
9.383102
8.866965
9.856908
8.612848
7.624158
7.951345
8.335055
8.491028
8.352589
10.13401
9.915837
8.834683
10.64127
9.005538
9.943322
10.01928
10.07302
8.104869
8.021901
9.448866
8.374964
8.884179
8.049969
7.853517
8.411605
9.116582
9.057996
10.75332
9.266077
8.894143
9.446476
10.18351
7.939148
9.157832
10.75003
8.115548
10.2676
8.224657
9.14959
8.053153
9.187188
8.581019
8.580078
8.26868
7.989623
8.756393
9.549438
6.956316
8.708194
8.478271
8.010506
8.446262
8.593989
8.603932
8.46193
7.886302
9.020683
8.067637
9.298278
8.783376
7.799265
8.92877
8.517615
7.773993
8.788512
8.040383
8.349974
8.14014
8.455592
9.005473
9.066606
7.829506
7.777699
9.388582
7.775178
7.832617
8.627565
8.070126
8.380382
7.988478
8.232431
8.359357
7.239893
9.215504
8.842594
8.565392
8.460307
7.473161
7.612864
7.77451
8.429877
7.851083
8.638757
7.640851
10.37595
7.791715
8.671381
8.525684
9.285944
9.088482
9.807272
8.984366
8.536852
8.246059
7.588991
7.332562
7.70589
7.32111
8.746321
8.261458
7.899945
8.069948
8.571848
8.045226
8.36673
7.563811
8.174517
7.307046
8.483984
8.593603
8.660659
7.219802
8.713223
7.747961
9.808458
7.941022
9.64006
8.813616
9.246749
9.091049
8.952681
6.513316
8.486411
8.379842
9.637033
10.41182
7.789861
10.43476
8.182824
7.512581
7.404015
7.462218
8.367121
7.483087
6.321994
8.44438
8.199104
7.693436
7.872274
8.179197
7.73365
8.217307
10.40107
8.756191
10.42316
8.101993
9.20341
9.169346
7.49455
7.863796
9.002906
9.085816
10.30865
9.083122
8.543221
8.165602
7.354774
8.873252
9.007974
7.246717
7.853914
7.599933
7.345128
8.497502
7.397534
7.458245
6.737115
6.274086
7.267302
8.765014
7.676297
8.250384
9.877443
8.082547
7.375086
8.746463
8.134803
8.586388
7.514493
8.39712
8.881051
9.344602
8.870776
7.628829
7.942516
7.502143
8.844219
7.827381
7.055879
8.863656
9.070904
8.667192
9.124237
8.974516
7.404007
7.35582
8.282684
8.709261
7.92303
7.92539
7.999683
7.250455
8.31246
7.686315
7.929292
9.168073
9.235554
8.031153
8.956041
8.733178
9.098041
7.727965
9.006469
7.884056
7.621417
9.689312
8.14133
8.176076
8.080695
9.165741
8.617872
7.611574
6.858426
7.252251
8.428845
8.442811
9.530361
7.08136
9.265195
9.330014
8.301248
8.772542
9.041551
7.786182
8.035075
7.737875
9.15446
6.479008
8.122201
8.300941
9.468152
8.409069
9.487919
7.5675
9.531523
8.013357
8.23978
7.367753
8.413953
6.764559
8.23781
8.169202
9.057029
8.039151
9.733805
9.129455
8.878471
7.824682
9.359455
8.724581
8.085574
8.757343
8.007481
8.622166
9.357328
9.003446
8.387269
8.132297
6.530801
8.812561
9.853433
8.063908
7.343322
6.898534
9.280519
9.085611
7.528794
8.508138
7.268177
8.42848
7.274091
8.634328
9.221205
6.409566
7.323846
10.11577
8.510026
6.730329
7.445874
6.896944
8.169572
9.074324
8.738642
6.652752
8.922683
7.692834
7.566229
7.881745
8.21269
9.279314
7.436422
6.782794
8.138494
9.575011
6.985842
7.008264
8.044732
7.984175
8.66227
8.877762
7.660145
9.248846
8.724077
7.683054
6.745274
8.107648
8.809545
8.032504
9.801134
7.794039
7.17384
7.116891
8.592227
8.438156
8.329991
7.815611
8.631696
7.747407
8.721537
7.781648
7.675696
8.598858
8.772533
8.640061
7.007963
8.304177
6.902953
8.876513
8.365645
7.357508
8.48695
9.932791
8.009338
8.181302
8.019166
7.924786
7.922222
8.750902
8.406245
8.361476
7.61691
9.156489
8.236201
10.13828
7.271938
6.604816
8.395403
9.02797
8.460282
9.159023
7.833941
6.956568
8.094262
8.353594
8.628231
8.397897
8.549945
8.396071
8.826272
6.583692
6.709208
6.914885
7.399536
8.205926
7.98265
6.484488
7.628985
7.502736
9.006756
8.70768
7.484491
7.82774
8.069331
8.392958
9.486322
8.581315
8.772042
7.949347
9.120173
8.764626
6.927567
7.672213
8.405209
6.989087
8.14072
8.047502
7.814602
7.742144
7.710604
8.343417
7.468145
8.548107
6.1796
6.955103
8.186804
8.900201
9.17597
8.422092
9.544955
8.670911
8.371552
9.107007
8.6376
7.086472
7.787016
8.660514
8.30555
6.913571
7.550419
9.933258
9.453064
8.809142
7.562435
7.644405
7.223039
7.93545
7.895258
7.218549
8.147238
7.260006
10.09984
9.579811
8.669244
9.169183
10.06882
9.414906
7.843116
7.548514
8.334706
8.113752
9.224507
6.69224
7.5777
7.003033
8.32483
7.879222
9.584364
9.493255
9.970532
8.529763
8.102153
8.365753
8.247251
7.533111
8.185771
9.017404
9.204989
7.861906
7.263596
9.612842
10.31703
10.56884
9.337415
8.052039
7.865626
7.891599
8.536422
9.349556
9.020494
9.75457
9.473189
9.535006
9.44842
10.37796
9.611706
8.744082
8.813879
8.000453
7.518948
8.587723
9.110087
10.14099
9.621734
9.149162
9.554286
9.852597
9.060715
7.603314
8.136946
8.044416
7.757281
7.83804
7.34626
7.291555
9.145617
7.950132
8.731476
8.046135
8.399645
8.734241
7.438602
7.565092
8.623722
7.493321
9.429252
7.693258
7.497012
7.509089
8.413195
8.664497
10.72364
8.632912
7.173922
7.981667
8.411409
7.970621
7.75274
6.748905
7.924127
8.110915
7.390224
9.622103
7.603088
8.090997
7.213244
8.600465
6.740471
9.438881
9.395143
8.067231
7.217398
9.014407
8.234489
8.049486
8.989517
8.98407
8.357478
9.859856
7.779132
7.783561
8.286985
7.940358
8.883648
9.080499
8.804006
9.778625
7.808568
10.51335
8.387783
7.923367
7.146406
7.162912
8.004751
9.325697
9.076481
9.140355
7.590796
9.753088
9.320199
9.336717
9.850058
7.699484
7.116152
7.442946
9.276198
7.70653
7.592721
8.297854
8.607038
6.587811
9.144281
10.79222
7.861135
9.196214
7.958495
8.091326
8.533559
9.023654
8.015164
8.012025
9.653042
8.653084
8.92945
8.179203
8.368754
9.204322
7.302336
8.950893
8.690726
7.56876
7.780227
8.568949
8.419165
7.831514
8.004765
8.083329
7.537617
9.441561
8.202536
9.323915
10.41331
6.879876
8.702182
8.567642
7.841537
7.054518
8.2135
8.280104
9.102121
8.443498
8.962711
8.167271
10.45455
8.059017
10.14609
7.082481
10.22495
8.499423
8.313963
9.89786
9.017885
7.577782
10.02474
6.844141
8.529873
9.216184
10.10225
7.695576
8.192718
8.865064
9.5417
8.221899
7.864226
7.200308
8.412895
7.857551
7.922572
9.20733
8.494377
8.201361
8.334023
8.026079
9.568405
7.567096
8.059381
8.48382
9.497839
8.692649
7.689005
8.789528
8.711893
8.055471
9.816516
8.269474
9.013045
7.790969
9.614319
8.238558
8.265329
7.69076
10.6462
9.035963
7.89342
8.140347
7.985442
7.716694
7.273258
7.967455
8.806223
8.090051
8.025216
10.01592
8.34483
7.650017
8.208121
7.664793
8.88137
7.43751
7.904227
7.16492
7.701654
6.928678
9.104207
11.69698
9.821468
9.283247
9.299115
10.18485

9.284633
9.338833
8.833512
7.94435
7.814151
8.396572
11.78263
8.066898
8.689593
8.935537
7.797577
8.080696
10.42145
7.932279
8.222849
9.921469
7.794806
10.84114
8.364509
9.598168
9.122495
9.621822
10.17445
8.689207
8.244936
8.472086
7.463913
8.129787
10.76214
7.403598
8.188822
8.31057
7.990937
6.876956
8.907469
8.679345
9.261751
9.623321
10.02605
8.787078
8.859857
8.870954
9.637455
9.785451
8.619602
8.897163
8.061863
9.244859
8.741981
8.184169
9.496082
9.239592
8.486054
8.061765
7
0.63582
0.5855738
0.6809431
0.5865051
0.6541933
0.6443992
0.575675
0.5816469
0.6261689
0.6695311
0.6755398
0.6076241
0.5869121
0.5793374
0.7411033
0.6556104
0.6953803
0.7315233
0.5198907
0.6297172
0.6553853
0.6208887
0.5596046
0.6368145
0.6109674
0.7264587
0.6024057
0.752524
0.6771054
0.7693373
0.584065
0.7877221
0.5627772
0.803383
0.6380587
0.6381763
0.7148348
0.7194757
0.603777
0.7046142
0.5436461
0.712802
0.6660507
0.7949196
0.5941251
0.6226484
0.698673
0.7308542
0.5961565
0.5860048
0.6284597
0.6804709
0.5778841
0.6590513
0.6750609
0.6352186
0.7030894
0.6760364
0.6161157
0.8275218
0.584903
0.649139
0.6558275
0.6814308
0.6464349
0.5179911
0.6401882
0.6345858
0.6678958
0.7089377
0.6114441
0.6663385
0.5779321
0.7178975
0.6071781
0.6509441
0.5998105
0.7672859
0.72168
0.5870148
0.6094535
0.624947
0.627092
0.5826681
0.6294892
0.6736434
0.6055861
0.6100182
0.7558009
0.6540189
0.5681018
0.5838689
0.6138944
0.5810877
0.5277734
0.6138447
0.5767428
0.5627352
0.5660737
0.6975655
0.8166125
0.6718673
0.74647
0.6813203
0.7542445
0.5203499
0.7394984
0.6152345
0.6971463
0.600865
0.604276
0.6618193
0.61147
0.6592178
0.7503472
0.6219862
0.7002425
0.6556746
0.6148325
0.607627
0.5201932
0.6410769
0.6343125
0.7474162
0.7235092
0.655032
0.7469221
0.6368507
0.7113379
0.6063367
0.6699158
0.6112166
0.6510244
0.5076125
0.7191151
0.72754
0.6361926
0.5906487
0.6557079
0.5733277
0.585808
0.6001339
0.5577217
0.7014919
0.6688918
0.6281491
0.6648024
0.5759796
0.6205033
0.6182437
0.6594074
0.6510267
0.5954614
0.607824
0.5600988
0.5862866
0.6482527
0.5205865
0.6007353
0.577698
0.6526907
0.5396052
0.6484391
0.6236803
0.5919839
0.5716047
0.6788907
0.6081802
0.534546
0.6945548
0.5735229
0.5045567
0.5947554
0.5665167
0.5764489
0.6017811
0.541322
0.6375557
0.5667349
0.5559947
0.5963774
0.6652625
0.6085342
0.5011983
0.5732817
0.7789065
0.6731979
0.5277434
0.556309
0.5519592
0.75186
0.554537
0.6417054
0.6300552
0.6590948
0.6723053
0.6091769
0.5304404
0.6793859
0.6376431
0.5551013
0.6256858
0.5396114
0.6909256
0.5085154
0.6606463
0.6251502
0.5171686
0.5817804
0.5920236
0.6509384
0.6412052
0.6456938
0.6114585
0.6131349
0.6161588
0.6246105
0.5414367
0.6404986
0.5473672
99
0.03362425
0.02904494
0.02462477
0.02775514
0.02868355
0.03201801
0.02508552
0.0295788
0.01974244
0.02063547
0.03533786
0.02801152
0.02714663
0.0348364
0.02886771
0.02688499
0.02033584
0.02356936
0.02970344
0.02837967
0.03818274
0.04192044
0.02897444
0.02593996
0.02200041
0.02607364
0.02366921
0.02812027
0.02819557
0.03063474
0.02326515
0.02521691
0.02887385
0.03499785
0.02964066
0.03392288
0.03143567
0.03244579
0.03107946
0.03045849
0.02636471
0.0338922
0.03012231
0.01940491
0.02963865
0.02997966
0.02876718
0.0279142
0.03022794
0.03449728
0.03008179
0.03222685
0.02689807
0.03442509
0.03386144
0.02891711
0.02768252
0.03392809
0.02867981
0.02717876
0.02492968
0.0219033
0.02759249
0.03297732
0.02843706
0.02442677
0.02744545
0.03245899
0.03435834
0.03230656
0.02881587
0.03071639
0.02843398
0.04271033
0.02507435
0.03035733
0.0382547
0.03432829
0.02915789
0.03289901
0.03063669
0.03605714
0.02712112
0.02247472
0.0269561
0.02020674
0.02985982
0.03057487
0.02077004
0.0303383
0.03452701
0.03979685
0.02478472
0.02513267
0.03051343
0.03216622
0.03464185
0.03160926
0.03649295
0.02720073
0.02796383
0.02523567
0.02356547
0.0228915
0.0292176
0.02829843
0.02798072
0.02636934
0.02361589
0.02880256
0.02314154
0.03017075
0.0272209
0.02938889
0.02655776
0.03009671
0.02997176
0.0308224
0.02901431
0.03191559
0.036409
0.02983342
0.03081776
0.03197869
0.03241998
0.02887024
0.03151556
0.03098362
0.03001985
0.03286682
0.02748069
0.02765034
0.0314829
0.03203576
0.02769994
0.03075481
0.02856186
0.0268781
0.03212066
0.03108259
0.03646266
0.03441962
0.02795482
0.02914921
0.02244941
0.02804765
0.03367585
0.027154
0.03019945
0.03825575
0.032404
0.03693798
0.03882555
0.03628183
0.03068282
0.03504822
0.0356524
0.03520443
0.02973656
0.02628313
0.02532124
0.04243941
0.0316239
0.02668018
0.02701002
0.03055133
0.03286988
0.03458559
0.03338842
0.02631278
0.03012131
0.03080967
0.03775374
0.03527057
0.02639216
0.02941992
0.02271842
0.03933163
0.04154757
0.03526842
0.02991272
0.03617145
0.03611687
0.03278513
0.03300431
0.03246184
0.02903336
0.02560548
0.03122138
0.030759
0.03826588
0.03176515
0.0289073
0.03189322
0.02705558
0.02734207
0.03114652
0.0365858
0.03266335
0.02972899
0.02525506
0.03292033
0.02060461
0.02606977
0.03504604
0.03736658
0.04250921
0.04435022
0.03413374
0.03304872
0.03398147
0.03307287
0.03209249
0.02650968
0.02949374
0.02942897
0.04400516
0.04194126
0.02746301
0.0298577
0.0381386
0.03621771
0.025895
0.02757504
0.03419241
0.03498412
0.03190683
0.03395402
0.03150716
0.02589032
0.03146629
0.02421071
0.03165992
0.03693026
0.0319802
0.03309936
0.03047845
0.02806489
0.0249586
0.02299339
0.02702355
0.02789267
0.03600007
0.03923725
0.04026947
0.02951552
0.03193632
0.02675859
0.02851193
0.03441165
0.03343823
0.03570678
0.03439086
0.02570167
0.03118767
0.0360458
0.04331122
0.02958296
0.02639485
0.04076169
0.02983521
0.02875641
0.03529095
0.03089407
0.03558697
0.03576076
0.03616689
0.03441573
0.03484922
0.02429067
0.03485004
0.03609659
0.03726946
0.03191855
0.04543633
0.04190749
0.04447013
0.03524934
0.03366362
0.03336004
0.03366236
0.03542659
0.03364856
0.02524208
0.02599732
0.03416995
0.03051474
0.0331774
0.03905993
0.03012523
0.03123294
0.03263804
0.03494553
0.02354134
0.02505242
0.02831958
0.0347409
0.02836986
0.0300275
0.03116174
0.03648973
0.03036215
0.02850248
0.03780635
0.02723939
0.02815652
0.03265438
0.04851658
0.03621534
0.03276848
0.02830263
0.0280531
0.03131181
0.03949081
0.03305775
0.03200674
0.03406206
0.03365633
0.03542782
0.0355378
0.03688154
0.03472602
0.03467511
0.04170342
0.03871031
0.03503773
0.02874973
0.03484567
0.03711556
0.03386543
0.02893599
0.03392844
0.04031294
0.03169885
0.03088381
0.03572488
0.03435042
0.03635373
0.03729448
0.03549768
0.03225359
0.02421614
0.02908258
0.02983346
0.02316638
0.02363012
0.04279718
0.03634494
0.02749119
0.03355843
0.03594827
0.0476776
0.03464023
0.03685867
0.03521856
0.03369172
0.03536831
0.03555307
0.02928675
0.03616433
0.03163827
0.03295676
0.03626377
0.0357228
0.03576907
0.02917414
0.03883279
0.02671939
0.03243443
0.03629082
0.02819873
0.03298471
0.02989144
0.02836787
0.03334028
0.031631
0.03042876
0.03150267
0.03882579
0.02966144
0.02634154
0.03567367
0.02876043
0.03442623
0.02831591
0.03246119
0.03471743
0.03124876
0.03408029
0.03985999
0.03148137
0.03017088
0.03006141
0.03476361
0.03539114
0.03756249
0.03469866
0.03089802
0.03737265
0.02402275
0.02699146
0.02738424
0.03064177
0.02909493
0.03157782
0.03157552
0.02363898
0.04058427
0.04515767
0.03762827
0.03409138
0.02242492
0.03774141
0.04646077
0.03466102
0.04280665
