-0.09545046
-0.1217754
-0.1995742
-0.1271875
-0.2678522
-0.3957389
-0.1334685
-0.1758904
-0.05184659
-0.1209617
-0.03253004
-0.0815387
-0.0585271
0.1212465
0.2424685
0.1539459
0.03989727
0.2137084
0.1236386
0.2284153
0.07473146
0.02503674
-0.08232826
-0.1052797
0.2419608
0.3329675
0.08135387
-0.02553951
0.02204175
0.1184521
0.1485048
0.0931591
0.03861227
0.2060526
0.3187177
0.2930307
0.3466622
0.18284
0.1608693
-0.03127037
-0.08210537
-0.0744436
0.02306644
0.03284799
0.07800216
-0.04413523
-0.03357404
-0.0933836
-0.1352396
-0.1171812
-0.05440477
0.1514705
-0.05990224
-0.119268
-0.0901654
-0.009314603
0.01285703
0.01450808
0.1346508
0.2821607
0.2529989
0.2096495
0.1840579
-0.1817766
-0.1085488
-0.1564232
-0.09560715
-0.06854981
-0.2909239
-0.367407
-0.2489935
-0.2070362
0.01380188
0.2191502
-0.08732718
0.01989903
-0.03081324
-0.00173309
-0.119553
-0.1055413
-0.2779122
-0.1554151
-0.2963736
-0.3588783
-0.1278515
-0.2194132
-0.1041538
-0.1584384
-0.1290752
-0.06852133
0.07997064
0.1977537
0.2943537
0.3582581
0.3815373
0.2684339
0.1266566
-0.01276972
0.2868639
0.1948782
0.1344383
0.06562764
0.0601351
0.06469043
-0.2308427
-0.1638349
-0.2717665
-0.126302
-0.1459845
-0.3224213
-0.03223277
0.1683025
0.2308277
0.1384081
0.1589322
0.1217927
0.09467642
0.02470343
0.08886572
0.02934491
0.0451241
0.0144637
-0.04626414
-0.1076772
-0.07927719
-0.277622
-0.2052209
-0.3195042
-0.4268444
-0.7245648
-0.7803054
-0.5741796
-0.5221185
-0.761707
-0.6601291
-0.8761344
-0.8740026
-0.9743898
-0.9954355
-1.078623
-0.9868719
-0.8662671
-1.129469
-1.183835
-1.189098
-1.330429
-1.436423
-1.700398
-1.660976
-1.718943
-1.597439
-1.601008
-1.58068
-1.526037
-1.476768
-1.770975
-1.875151
-1.657144
-1.652587
-1.685986
-1.541514
-1.71613
-1.770318
-1.737706
-1.661173
-1.669806
-1.48734
-1.402451
-1.457923
-1.490134
-1.632406
-1.436322
-1.553746
-1.453699
-1.302582
-1.428379
-1.544865
-1.478727
-1.601663
-1.432261
-1.446948
-1.481697
-1.412523
-1.34253
-1.388188
-1.524579
-1.705732
-1.79572
-1.939706
-1.950403
-2.152961
-2.208189
-2.187564
-2.293787
-2.123338
-1.947177
-1.809909
-1.690563
-1.785727
-1.604183
-1.396389
-1.5187
-1.423469
-1.331528
-1.375882
-1.067912
-1.050764
-1.187724
-1.111388
-1.224031
-1.2657
-1.451054
-1.229279
-1.180768
-1.566843
-1.416528
-1.462892
-1.449584
-1.460438
-1.376594
-1.324477
-1.565188
-1.430788
-1.56804
-1.474739
-1.294114
-1.194106
-1.176865
-1.145702
-1.166724
-1.363094
-1.525949
-1.473144
-1.425716
-1.550377
-1.438146
-1.223396
-1.380212
-1.53361
-1.340932
-1.330681
-1.03106
-1.133061
-1.243848
-1.174671
-1.001347
-1.10484
-1.180983
-1.055672
-1.084928
-1.103767
-1.37774
-1.35447
-1.310224
-1.196691
-1.211487
-1.044646
-1.120711
-1.167332
-1.096754
-1.045579
-1.002679
-1.275501
-1.304669
-1.241863
-1.090075
-1.36362
-1.142691
-0.8841039
-0.8864239
-1.077576
-1.141815
-1.158153
-0.7910073
-0.587311
-0.5580018
-0.3371944
-0.1889365
-0.1985889
-0.4938692
-0.6600198
-0.6762524
-0.609969
-0.5882659
-0.4546566
-0.3523194
-0.2707318
-0.1731597
-0.3012797
-0.2828233
-0.3876188
-0.1977725
-0.2950988
-0.4297622
-0.4970009
-0.5231951
-0.4666292
-0.3944359
-0.4293034
-0.6616677
-0.7340602
-0.8303295
-0.9735264
-0.8936466
-0.8510595
-1.030594
-1.148946
-1.088726
-1.212498
-1.010073
-0.911935
-0.8556202
-0.9300606
-1.071213
-1.077798
-1.035558
-0.8126865
-0.8048318
-0.9170714
-0.7793143
-0.8040026
-0.9814748
-0.8850404
-0.9707809
-0.9053833
-1.133855
-1.131222
-1.248951
-1.398056
-1.391166
-1.520429
-1.527636
-1.330976
-1.441105
-1.451471
-1.30687
-1.344492
-1.404355
-1.503115
-1.413693
-1.345856
-1.172633
-1.21275
-1.365575
-1.304958
-1.227869
-1.074997
-1.021039
-1.009415
-1.034848
-1.138995
-1.038953
-1.276667
-1.321848
-1.428085
-1.382017
-1.383329
-1.519893
-1.461813
-1.291767
-1.371033
-1.258533
-1.234382
-1.379345
-1.358491
-1.528845
-1.431025
-1.537741
-1.599813
-1.560705
-1.755867
-1.893796
-1.914996
-1.836512
-1.793347
-2.090834
-2.089974
-2.186681
-2.167426
-2.388185
-2.29816
-2.098833
-2.093876
-2.25547
-2.257383
-2.402647
-2.3656
-2.502381
-2.448698
-2.459336
-2.473173
-2.342542
-2.287464
-2.253974
-2.043338
-2.123977
-2.219138
-2.121025
-2.197386
-2.395694
-2.376816
-2.37892
-2.105911
-2.063539
-2.352403
-2.517347
-2.527178
-2.524829
-2.50817
-2.206794
-2.237602
-2.141089
-2.161755
-1.827111
-1.597306
-1.69327
-1.765514
-1.628653
-1.604614
-1.556286
-1.485193
-1.368141
-1.578869
-1.531331
-1.503825
-1.630012
-1.546117
-1.570079
-1.512067
-1.576803
-1.678501
-1.734587
-2.009286
-1.914907
-1.738901
-1.67719
-1.62773
-1.807708
-1.943302
-1.566682
-1.535239
-1.633979
-1.573386
-1.607735
-1.593844
-1.772328
-1.642602
-1.452459
-1.435223
-1.418953
-1.622242
-1.567387
-1.508812
-1.460609
-1.528202
-1.645505
-1.601385
-1.564184
-1.380024
-1.44052
-1.520477
-1.53979
-1.141913
-1.185611
-1.136133
-1.184747
-1.468065
-1.390674
-1.58462
-1.670087
-1.744276
-1.763281
-1.8953
-1.885031
-1.960868
-2.019645
-1.947433
-1.908162
-1.7985
-1.580012
-1.534496
-1.504915
-1.481315
-1.494016
-1.497627
-1.249582
-1.018912
-0.9390491
-1.360134
-1.197878
-1.297709
-1.415122
-1.488193
-1.621069
-1.640524
-1.755461
-1.865025
-2.031345
-1.804605
-1.697749
-1.924059
-1.813771
-1.838852
-1.878147
-1.914931
-1.873933
-2.056977
-2.112227
-2.256887
-2.252726
-2.329415
-2.154106
-2.332868
-2.406485
-2.504849
-2.5321
-2.36443
-2.219834
-2.108792
-2.285622
-2.175057
-2.265698
-2.320821
-2.163015
-2.240563
-2.24186
-1.988823
-2.338326
-2.349477
-2.145213
-2.345837
-1.948045
-1.767338
-1.768292
-1.782404
-1.794039
-1.788565
-1.891901
-1.828799
-2.091686
-2.187446
-2.246146
-2.465671
-2.412392
-2.177013
-2.218681
-2.147886
-2.088192
-2.366239
-2.36473
-2.357382
-2.651633
-2.821928
-2.600073
-2.750415
-2.912238
-2.796767
-2.960433
-3.103536
-2.930583
-3.057777
-3.086164
-2.905268
-2.990046
-3.109986
-3.049595
-3.008529
-2.682223
-2.523732
-2.571227
-2.397998
-2.376235
-2.23755
-2.110163
-2.214747
-2.342867
-2.408604
-2.383044
-2.381947
-2.533663
-2.133819
-2.113861
-2.009148
-1.825183
-2.039966
-1.996598
-1.907623
-1.872729
-2.099384
-1.949291
-1.959531
-2.098024
-2.324635
-2.468461
-2.577477
-2.560978
-2.311778
-2.457287
-2.29095
-2.084798
-1.984548
-1.958377
-2.007001
-2.105658
-2.087686
-1.955509
-1.902353
-2.016219
-1.789091
-1.949069
-1.860494
-1.954265
-1.781043
-1.763831
-1.93343
-1.768106
-1.858973
-1.893327
-2.248429
-2.177433
-2.107442
-2.223604
-2.271373
-2.248462
-2.073747
-1.96766
-1.599471
-1.539132
-1.725417
-1.617592
-1.682437
-1.706782
-1.607707
-1.447485
-1.50151
-1.522654
-1.39998
-1.39589
-1.574571
-1.733726
-1.898319
-1.680731
-1.810261
-1.852352
-1.877346
-2.015861
-1.843622
-1.686884
-1.539515
-1.452936
-1.530956
-1.460112
-1.422553
-1.443294
-1.213483
-1.116464
-1.114157
-0.9154612
-1.073989
-1.123039
-1.27437
-1.126656
-1.073419
-1.227375
-1.281334
-1.237265
-1.105736
-1.309877
-1.20123
-1.162489
-1.143972
-1.242894
-1.18936
-1.25535
-1.254017
-1.380616
-1.332805
-1.264875
-1.192401
-1.13782
-1.256789
-1.200628
-1.101097
-1.207589
-1.302827
-1.456664
-1.537027
-1.444757
-1.424627
-1.358269
-1.375627
-1.332321
-1.170434
-1.194962
-1.326026
-1.296873
-1.308395
-1.447584
-1.456463
-1.497867
-1.226215
-1.290801
-1.352613
-1.312808
-1.488847
-1.524631
-1.617436
-1.618029
-1.704426
-1.828394
-1.570056
-1.91548
-1.892971
-1.81863
-1.642735
-1.62421
-1.654053
-1.608086
-1.898891
-1.809318
-2.0381
-2.137406
-2.033239
-2.182265
-2.289735
-2.241898
-2.444106
-2.530345
-2.657124
-2.787204
-2.776472
-2.754771
-2.929825
-3.067681
-3.244463
-3.067779
-3.297644
-3.198883
-3.305112
-3.140118
-3.214741
-3.171901
-3.085977
-3.129321
-3.073322
-3.161299
-3.170519
-3.365034
-3.226944
-3.162866
-3.045712
-3.15387
-3.090514
-3.335031
-3.227201
-3.128699
-3.09211
-3.065184
-2.969559
-2.931208
-2.912023
-3.000301
-2.860009
-2.83513
-2.763508
-2.645516
-2.649736
-2.78487
-2.968916
-3.075002
-2.971982
-3.163062
-2.985864
-3.038781
-3.121466
-3.391861
-3.484844
-3.449338
-3.350425
-3.341538
-3.487628
-3.483776
-3.365968
-3.28491
-3.260438
-3.249832
-3.046186
-3.077416
-3.118445
-3.065366
-3.046452
-3.192592
-3.382252
-3.161564
-2.969583
-3.105997
-3.110411
-3.094966
-3.004253
-2.948414
-3.127072
-2.851972
-2.751133
-2.588768
-2.581111
-2.673063
-2.610901
-2.780867
-2.755102
-2.818425
-2.91607
-2.835822
-2.852555
-2.833496
-2.979882
-3.221683
-3.183097
-3.058308
-3.077818
-3.294953
-3.15807
-2.959321
-2.969829
-2.969127
-2.879503
-2.738149
-2.580931
-2.657658
-2.617643
-2.729728
-2.350688
-2.524637
-2.471668
-2.488282
-2.452986
-2.485499
-2.413672
-2.602953
-2.553059
-2.433055
-2.290062
-2.318878
-2.428567
-2.387198
-2.273897
-2.41781
-2.461183
-2.472705
-2.600675
-2.650485
-2.394723
-2.365807
-2.304988
-2.066819
-2.033346
-1.827295
-2.063958
-2.212311
-2.186658
-2.298872
-2.442391
-2.58154
-2.626448
-2.672645
-2.642184
-2.680434
-2.86958
-2.662929
-2.541435
-2.539536
-2.833495
-2.869503
-2.978509
-2.95694
-2.788899
-2.887135
-3.174472
-3.229384
-3.278918
-3.313697
-3.490466
-3.498415
-3.457291
-3.671553
-3.748153
-3.98245
-4.018187
-4.029763
-4.088095
-3.945914
-4.114536
-4.181277
-4.441992
-4.428848
-4.218722
-4.397388
-4.238074
-4.411532
-4.097711
-4.211748
-4.184795
-4.309221
-4.420576
-4.319765
-4.423766
-4.447786
-4.378543
-4.302062
-4.371722
-4.236121
-4.171917
-4.143092
-4.0344
-3.791465
-3.915213
-4.06908
-3.93457
-4.096292
-3.937338
-3.883001
-3.730243
-3.656435
-3.544947
-3.699965
-3.639985
-3.717461
-3.706676
-3.573728
-3.578989
-3.711798
-3.727075
-3.74719
-3.664188
-3.680364
-3.730464
-3.772005
-3.707191
-3.697783
-3.780567
-3.842331
-4.126001
-4.289085
-4.289623
-4.369552
-4.503921
-4.706586
-4.613912
-4.773679
-4.728509
-4.794907
-4.734204
-4.989338
-4.829096
-4.779619
-5.048266
-4.812045
-4.745247
-4.651303
-4.742456
-4.706547
-4.934319
-4.867888
-4.943159
-4.980742
-4.858428
-5.01413
-5.037988
-5.070555
-4.852858
-4.861998
-4.871068
-4.877211
-4.626695
-4.753533
-4.545202
-4.573659
-4.307618
-4.20316
-4.002419
-4.089172
-4.103606
-4.026675
-3.927274
-4.063403
-3.962313
-3.831021
-3.971318
-4.14029
-3.957331
-4.118525
-4.145383
-4.071123
-4.03557
-4.002774
-4.211939
-4.067366
-4.071782
-4.066334
-3.829407
-3.677816
-3.687739
-3.466524
-3.537174
-3.579316
-3.655249
-3.88252
-3.695384
-3.422751
-3.419052
-3.450844
-3.499265
-3.184976
-3.232697
-3.329763
-3.392359
-3.627622
-3.655502
-3.497829
-3.566027
-3.5506
-3.378205
-3.462982
-3.568305
-3.760806
-3.754872
-3.788926
-3.816004
-3.748746
-3.769618
-3.921795
-3.489822
-3.46005
-3.400561
-3.46219
-3.265487
-3.254426
-3.248524
-3.042018
-3.131454
-3.08182
-3.097667
-3.082632
-3.047009
-3.003452
-2.78711
-2.874114
-2.707011
-2.492822
-2.456249
-2.513665
-2.376667
-2.375089
-2.572994
-2.3345
-2.423457
-2.355865
-2.274869
-2.41526
-2.692705
-2.667748
-2.509212
-2.607121
-2.569355
-2.674576
-2.586632
-2.507273
-2.670544
-2.546605
-2.386307
-2.508079
-2.478328
-2.326231
-2.2155
-2.380027
-2.397782
-2.402059
-2.294131
-2.554795
-2.670788
-2.680951
-2.779796
-2.923908
-2.753408
-2.790225
-2.683014
-2.762686
-2.943269
-2.951833
-2.815064
-2.742415
-2.863251
-2.806019
-3.143427
-3.193301
-3.104345
-3.266475
-3.277717
-3.038509
-3.006082
-2.810978
-2.703539
-2.737496
-2.86441
-2.889694
-2.852396
-2.757255
-2.792388
-2.865592
-2.884023
-2.880344
-2.975781
-2.96869
-2.836203
-3.014418
-3.071991
-2.953013
-3.079212
-3.059188
-3.042386
-3.046197
-3.080223
-3.187741
-3.337331
-3.155041
-3.00293
-3.069087
-3.246116
-3.315638
-3.325864
-3.260574
-3.285313
-3.266223
-3.369457
-3.550598
-3.412478
-3.352531
-3.423403
-3.646436
-3.637018
-3.634366
-3.732738
-3.664888
-3.5344
-3.601275
-3.405448
-3.793951
-3.809266
-3.86034
-3.863581
-3.911285
-3.806709
-3.713016
-3.667742
-3.717555
-3.786413
-4.05387
-3.980114
-3.855612
-3.810254
-3.953147
-3.96403
-4.149339
-4.230919
-4.435908
-4.273108
-4.216822
-4.214787
-4.217623
-4.053687
-4.063058
-4.137727
-4.079264
-3.915807
-4.071914
-4.317027
-4.076753
-3.958404
-3.7739
-3.931293
-3.887104
-3.738054
-3.691516
-3.948541
-3.985747
-4.203269
-4.127833
-4.097905
-4.101377
-4.168166
-4.24107
-4.272283
-4.483171
-4.2841
-4.334489
-4.294794
-4.041722
-3.940194
-4.001788
-4.141579
-4.04197
-4.131852
-4.117712
-4.225298
-4.416902
-4.288368
-4.287232
-4.172743
-4.254522
-4.120658
-4.229462
-4.108827
-3.940155
-3.948212
-4.038258
-4.013433
-4.086732
-3.9568
-4.06352
-3.902485
-3.997197
-4.050593
-4.318959
-4.199069
-4.171387
-4.160944
-4.177617
-4.026594
-3.949331
-3.954938
-3.920826
-3.796953
-3.600789
-3.702072
-3.605123
-3.757933
-3.63097
-3.756648
-3.653264
-3.606442
-3.560947
-3.353302
-3.670233
-3.67959
-3.789643
-3.846142
-3.97231
-3.954193
-4.067756
-4.159034
-4.187879
-4.197989
-4.158223
-4.218629
-4.198984
-4.026429
-3.905
-3.789302
-3.885449
-3.919001
-3.788778
-3.719716
-3.822531
-3.904251
-3.915575
-4.157669
-4.247999
-4.179087
-4.280814
-4.181884
-4.089487
-4.082034
-4.075326
-4.157615
-3.981173
-3.778214
-3.804736
-3.800397
-3.977788
-3.792669
-3.767573
-3.756176
-3.549099
-3.927041
-3.944166
-4.212445
-3.972296
-3.663355
-3.735776
-3.620433
-3.615043
-3.445496
-3.309752
-3.22684
-3.449945
-3.482151
-3.397742
-3.393989
-3.335347
-3.696337
-3.669346
-3.422768
-3.32968
-3.448447
-3.297402
-3.241542
-3.066122
-3.025308
-2.845599
-2.969838
-2.943368
-3.261497
-3.33999
-3.371394
-3.240802
-2.946564
-2.80407
-2.806009
-2.838432
-2.854337
-3.108101
-3.295531
-3.354588
-3.392314
-3.26654
-3.326107
-3.254747
-3.313866
-3.195407
-3.148737
-3.177259
-3.065511
-2.821845
-2.971156
-3.022674
-2.776036
-2.631063
-2.77644
-2.547226
-2.648247
-2.647954
-2.58231
-2.623724
-2.467496
-2.422286
-2.370565
-2.200141
-2.11299
-2.084747
-2.025467
-2.061037
-2.123112
-2.012128
-2.020937
-1.958723
-1.979711
-2.166302
-2.14315
-2.10176
-1.887796
-1.819614
-1.987021
-1.967292
-1.824676
-1.877868
-1.985153
-2.215095
-2.377514
-2.084781
-2.025683
-2.245299
-2.29634
-2.219663
-2.031663
-2.312339
-2.494702
-2.396051
-2.249015
-2.277331
-2.430646
-2.377848
-2.288367
-2.099841
-2.076297
-2.026011
-1.743697
-1.700705
-1.588295
-1.706478
-1.702694
-1.751704
-1.454319
-1.429209
-1.499445
-1.707417
-1.736956
-1.856009
-1.795644
-2.006746
-2.185133
-2.296338
-2.247077
-2.290586
-2.300812
-2.285815
-2.622807
-2.606014
-2.377751
-2.128807
-2.079114
-2.243634
-2.287605
-2.157005
-2.228593
-2.26169
-2.302148
-2.300076
-2.460171
-2.404645
-2.296387
-2.109931
-2.23745
-2.4144
-2.291197
-2.11109
-1.985283
-1.919125
-2.059043
-1.87841
-1.883521
-1.999442
-1.949705
-1.974863
-2.190467
-2.146368
-2.276778
-2.102612
-2.132284
-2.18854
-2.364166
-2.674486
-3.012506
-3.253357
-3.413495
-3.12125
-3.126127
-3.000953
-3.145262
-3.310224
-3.412337
-3.419165
-3.623707
-3.876416
-3.973952
-3.989703
-3.995812
-3.98088
-3.924208
-4.020735
-4.094152
-4.094545
-4.008601
-3.903527
-3.825873
-3.841469
-3.864262
-3.718432
-3.914586
-3.914094
-3.845604
-3.856203
-4.091528
-4.112571
-4.287392
-4.311447
-4.449968
-4.902554
-5.021175
-5.138643
-5.253431
-5.034917
-5.151751
-5.154735
-5.213699
-5.034595
-5.019537
-4.852132
-4.839794
-4.836723
-4.807874
-4.700776
-4.699163
-4.801171
-4.657341
-4.574434
-4.46106
-4.440805
-4.516661
-4.436646
-4.63632
-4.725972
-4.902465
-4.781881
-4.76202
-4.608471
-4.601051
-4.740807
-4.922991
-5.01589
-5.005642
-5.05404
-4.895126
-4.698251
-4.724794
-4.561039
-4.443267
-4.484911
-4.403737
-4.393864
-4.561477
-4.41624
-4.328022
-4.427369
-4.682794
-4.774656
-4.7678
-4.752732
-4.389868
-4.531619
-4.465842
-4.444704
-4.140603
-4.033471
-4.148845
-4.132251
-3.909099
-4.1504
-4.068411
-4.107466
-4.006649
-3.908352
-3.920875
-3.940327
-3.940045
-3.923764
-3.719477
-3.847429
-4.004997
-4.242861
-4.248371
-4.239703
-4.244639
-4.294363
-4.147936
-4.024363
-4.123379
-3.981577
-3.976845
-4.076846
-3.991963
-3.827995
-3.799326
-3.955597
-3.792314
-3.978116
-3.463158
-3.432565
-3.191445
-3.278901
-3.058039
-2.98932
-2.866738
-2.754368
-2.522566
-2.574062
-2.530524
-2.65242
-2.863875
-2.813397
-2.624065
-2.594781
-2.467131
-2.446752
-2.517801
-2.852088
-2.833648
-2.78539
-2.861687
-2.755855
-2.854171
-2.830219
-2.781824
-2.735637
-2.532613
-2.750843
-2.797006
-3.031189
-2.890021
-2.842553
-2.800357
-2.849173
-2.941145
-3.082175
-2.791222
-2.909059
-2.754403
-2.622904
-2.753276
-2.710538
-2.671911
-2.369246
-2.56612
-2.689139
-2.546598
-2.600154
-2.561809
-2.520045
-2.361169
-2.270303
-2.245324
-2.312026
-2.079628
-2.168001
-2.034799
-2.047718
-2.044956
-1.957701
-1.940739
-1.909627
-2.09831
-2.152982
-2.306127
-2.002855
-2.142561
-2.063342
-1.808987
-1.905842
-1.684158
-1.645823
-1.687477
-1.699295
-1.707052
-1.839485
-1.87663
-1.927247
-1.83165
-1.818058
-1.871501
-1.991231
-1.815006
-1.679925
-1.673719
-1.612651
-1.519682
-1.527506
-1.410336
-1.321193
-1.460479
-1.270235
-1.032791
-0.9192278
-0.6891811
-0.5046613
-0.4553453
-0.6009375
-0.5307637
-0.534295
-0.5403177
-0.496281
-0.5535342
-0.4042075
-0.3596907
-0.3969616
-0.38247
-0.4684501
-0.496149
-0.4378029
-0.5933621
-0.5420929
-0.7632678
-0.6973778
-0.6083761
-0.4912391
-0.2112613
-0.2552343
-0.4787178
-0.5640448
-0.8502139
-0.4653844
-0.3946598
-0.4702884
-0.5276241
-0.6895051
-0.6251248
-0.6737503
-0.6221986
-0.7158557
-0.738112
-0.7809713
-0.8078237
-0.6662347
-0.8737191
-0.9696861
-0.890236
-0.9756241
-0.9496956
-1.195122
-1.058439
-0.8314213
-0.8883949
-0.730707
-0.6913575
-0.6855469
-0.8387377
-0.5984114
-0.4802462
-0.3953937
-0.4503811
-0.1974187
-0.04622405
-0.1864468
0.01913367
0.0697503
0.2211416
-0.1735084
-0.1174736
-0.00490833
0.03746757
0.1113065
0.2513494
0.1523871
0.1669954
0.03574427
0.1124039
0.09474374
0.1360368
0.2506463
0.1247571
0.2193851
0.3381241
0.4675157
0.5298855
0.4012766
0.5063559
0.347939
0.346228
0.3827139
0.2139336
0.3779463
0.3278769
0.4221648
0.3349547
0.3467788
0.2792128
0.3114891
0.1084656
0.1398084
0.05359
0.1678809
0.08081903
0.2228731
0.01165659
-0.1680543
-0.02986033
0.04807006
0.05789955
0.08174289
0.1346316
0.3287264
0.5248981
0.7180644
0.708907
0.7316262
0.8356197
0.8008626
0.5785443
0.267988
0.4161937
0.5145186
0.2712189
0.1350182
0.3150725
0.2318072
0.3600372
0.4551187
0.3687256
0.2203659
0.2945818
0.3422892
0.3720673
0.5218041
0.5727762
0.7029981
0.5266308
0.6895661
0.7507948
0.9527409
0.989614
0.9954412
0.8821127
1.007662
1.154897
1.146544
0.9389181
1.02093
1.089983
1.083806
1.187831
1.117673
0.9188238
0.9335404
0.9349332
0.6371728
0.6089666
0.8073666
0.9692423
0.9545645
1.022974
1.064225
1.048742
1.080594
1.28714
1.402857
1.31621
1.254876
1.246647
1.446336
1.360704
1.294123
1.286436
0.9358458
0.915174
0.9868244
0.9622968
1.231305
1.140169
1.230823
1.149587
0.9743335
0.6656442
0.8641069
0.6864913
0.7297582
0.642052
0.6192157
0.5763374
0.6597345
0.5619992
0.7140932
0.6230671
0.5615281
0.5326805
0.5237028
0.3485234
0.3592677
0.3681695
0.770691
0.7390884
0.5773405
0.9263051
1.051994
0.986927
1.450595
1.262414
1.299851
1.189415
1.169444
1.090366
1.166516
1.173457
1.14465
1.167027
1.089822
1.111485
1.376095
1.407217
1.447964
1.324989
1.204192
1.165316
1.532761
1.587197
1.603276
1.478779
1.287959
1.074201
1.023983
1.148372
1.172304
1.191808
1.016995
1.078256
0.8184829
1.038281
1.207482
1.055034
0.8490691
0.8631214
0.6818915
0.8954695
0.9219445
0.8364325
0.83351
0.8893645
1.09815
1.103972
1.195485
1.206982
1.223825
1.23079
1.351916
1.326117
1.37573
1.512197
1.443423
1.41981
1.367651
1.502625
1.300034
1.14487
1.148053
1.128217
1.217669
1.246293
1.336951
1.048742
1.086531
0.9620297
1.053076
1.300785
1.265587
1.396364
1.645332
1.95787
2.010021
1.954562
1.993857
1.909856
1.747871
1.714694
1.674322
1.573318
1.493501
1.580057
1.544412
1.678704
1.676807
1.751775
1.996736
2.008343
1.974793
1.909603
2.068152
1.890936
1.960278
1.942454
1.91675
1.953673
1.879837
1.724095
2.027796
2.003198
2.100583
2.217925
2.167979
2.181739
2.090977
2.159734
2.204253
2.098617
2.36087
2.217399
2.174196
2.436152
2.650518
2.811271
2.782707
2.992132
3.120667
2.915317
2.881375
2.703395
2.504989
2.575019
2.445377
2.278878
2.227375
2.421189
2.472792
2.315814
2.301224
2.254106
2.111055
2.120786
2.493718
2.647307
2.757733
2.805198
2.879436
2.988349
3.046768
2.992604
2.987839
3.081157
2.990088
3.027925
2.929223
2.897973
2.969239
2.996312
2.718336
2.584772
2.668251
2.603585
2.789515
2.660709
2.689247
2.453697
2.553683
2.667893
2.679658
2.763053
2.786177
3.091064
3.177205
2.948991
2.728195
2.729177
2.929011
2.99162
2.860205
2.943819
2.725082
2.710361
2.628957
2.643133
2.600566
2.412206
2.403908
2.508765
2.511549
2.515314
2.603222
2.410873
2.483481
2.58006
2.637941
2.552231
2.426945
2.339255
2.403197
2.656599
2.560376
2.303451
2.447615
2.614219
2.533
2.516526
2.565812
2.475746
2.416801
2.231965
2.481647
2.298947
2.423819
2.285844
2.342451
2.59367
2.198428
2.005358
2.232168
1.903397
2.022353
1.685583
1.58942
1.652645
1.774696
1.67724
1.631352
1.60912
1.687825
1.686041
1.467012
1.305816
1.388663
1.57922
1.66731
1.580252
1.471041
1.507341
1.461516
1.623157
1.714347
1.529346
1.607659
1.535847
1.439557
1.373564
1.494944
1.393885
1.270133
1.137662
1.118159
0.9025543
0.8447183
0.8892782
1.078604
0.9757333
0.8051695
0.8991511
0.7924446
0.779491
0.7917891
0.394006
0.6032417
0.3917831
0.6218185
0.4583065
0.2480515
0.1029261
0.1974502
0.2589295
0.3291144
0.3207378
0.1805594
0.05534403
0.01770787
-0.1485798
0.006351137
0.1710951
0.2958541
0.5745981
0.5984654
0.6088052
0.6532871
0.768569
1.019167
0.9524873
1.062408
0.9518876
1.107788
0.9553872
1.069542
0.9108228
0.9901349
1.19583
1.189516
1.210525
1.097682
0.9724028
1.069314
1.157785
1.064705
0.9462224
1.30417
1.40224
1.426367
1.576465
1.640139
1.606573
1.801794
1.887283
1.644629
1.593772
1.343611
1.502443
1.523502
1.548514
1.602696
1.629767
1.744395
1.758452
1.684064
1.578005
1.572907
1.825092
1.935622
1.995796
1.996523
1.88445
2.046581
2.071378
1.775453
2.069827
2.3651
2.447646
2.624492
2.210148
2.026045
2.176381
2.058932
2.249525
2.19965
2.092156
1.913547
1.787042
1.654418
1.818208
2.034047
2.230687
2.186674
2.111562
2.1661
2.075077
2.273552
2.288093
2.398385
2.454678
2.528572
2.557905
2.400713
2.593442
2.57814
2.549606
2.639864
2.774606
2.770343
2.616976
2.424447
2.443482
2.29341
2.299801
2.434787
2.334553
2.362202
2.374193
2.275114
2.321822
2.194209
2.05016
1.979908
2.049223
1.935727
2.05217
2.089866
1.957918
1.789858
1.507009
1.246017
1.354682
1.549534
1.495103
1.786526
1.833238
2.134151
2.089515
2.024975
1.965396
1.917661
1.821228
1.788468
1.704077
1.793645
1.939576
1.889385
1.916476
1.835446
1.775666
1.71498
1.88249
1.516466
1.761732
1.717317
1.851779
1.950694
1.913174
2.081896
2.036157
2.012065
2.144302
1.934888
1.857939
1.857864
1.813294
1.65456
1.919294
1.900668
1.870191
2.087977
2.084124
2.158397
2.15682
2.35038
2.342993
2.408642
2.22835
2.12791
2.045463
2.139228
2.114236
2.225286
2.196724
2.292949
2.282851
2.252361
2.131791
2.073852
2.248461
2.148286
2.070058
1.827106
1.450016
1.518733
1.481004
1.59481
1.803226
1.514902
1.565451
1.535103
1.337463
1.243546
1.013322
0.9757369
0.886923
0.8582616
0.9582144
0.8548263
0.618907
0.322265
0.3544845
0.2414777
0.2247419
0.3719704
0.3955584
0.1484842
0.07841943
0.039256
-0.1816828
-0.1719974
-0.2833835
-0.2752285
-0.3509298
-0.4153095
-0.2440563
-0.3153434
-0.194207
-0.3033891
-0.3368736
-0.4187694
-0.4429145
-0.6436531
-0.7838148
-0.9623646
-1.153357
-1.194161
-1.205021
-0.9619612
-0.9852691
-0.9975901
-0.8648667
-0.7651323
-0.9392553
-1.072071
-1.03196
-1.067572
-1.013101
-1.14648
-0.9488588
-1.067053
-1.004346
-1.026067
-0.875388
-0.895026
-0.973624
-0.8860286
-0.8184518
-1.034085
-1.226494
-1.185047
-1.196954
-1.095271
-1.161172
-1.27198
-1.281225
-1.392296
-1.171972
-1.179506
-1.057072
-0.8098521
-0.9572039
-0.8853763
-1.146267
-1.060192
-1.212447
-1.051364
-1.412921
-1.466261
-1.705222
-1.686337
-1.734443
-1.511952
-1.201187
-1.227372
-1.341102
-1.321907
-1.100744
-1.071486
-0.9652632
-1.010637
-0.9822266
-1.197544
-1.407468
-1.31469
-1.349013
-1.318834
-1.121671
-0.8480969
-0.675538
-0.4149887
-0.3339899
-0.1126868
-0.1610021
-0.4484109
-0.2658856
-0.4787917
-0.4768521
-0.7293376
-0.9823032
-0.9640701
-0.9601872
-0.9292123
-0.9879597
-0.9488619
-1.111996
-1.038587
-0.9763019
-0.9682002
-0.7690286
-0.8128968
-0.8496655
-0.7517169
-0.6227023
-0.6722354
-0.3989404
-0.4498741
-0.3223688
-0.2990815
-0.1331696
-0.02584305
-0.1778724
0.1142361
-0.05362489
-0.1838355
-0.3720677
-0.4299749
-0.472898
-0.5820733
-0.5939356
-0.8736879
-0.6762628
-0.7140191
-0.7024411
-0.8404997
-0.7678836
-0.8474709
-0.7302089
-0.5599779
-0.6812907
-0.7085738
-0.879875
-0.9467214
-0.8831012
-1.131853
-1.130905
-1.145029
-0.9711711
-0.7074984
-0.7788574
-0.7658657
-0.990246
-0.8489119
-0.8055227
-0.9801768
-0.9437881
-0.5920085
-0.4406471
-0.5574477
-0.8667218
-0.9746129
-0.7208236
-0.5658807
-0.7344075
-0.9162112
-0.6944847
-0.660894
-0.7391947
-0.8711984
-0.9719545
-0.9774065
-1.010365
-0.9559888
-1.039003
-0.9620673
-0.9881536
-1.242401
-1.449878
-1.463038
-1.355013
-1.246386
-0.9723548
-0.6682024
-0.8024295
-0.6394746
-0.7600474
-0.835802
-0.9270503
-0.946582
-0.9622186
-0.96493
-0.9809198
-1.035417
-1.368727
-1.543369
-1.62161
-1.948628
-1.951983
-1.894058
-1.909133
-1.858381
-2.086684
-2.185989
-2.032131
-1.946236
-2.057827
-2.036191
-2.092183
-2.188056
-2.288437
-1.994192
-1.803449
-1.682244
-1.876084
-2.141335
-2.178392
-1.874266
-1.91723
-1.891172
-1.922047
-1.98898
-1.726039
-1.571076
-1.611809
-1.437733
-1.587297
-1.481385
-1.26402
-1.329046
-1.171434
-1.172109
-1.443224
-1.296859
-1.312929
-1.588572
-1.619796
-1.646579
-1.675556
-1.626649
-1.545615
-1.511453
-1.786763
-1.784336
-1.941005
-1.835745
-1.849698
-1.832188
-2.110673
-2.296789
-2.113324
-1.956868
-1.961033
-2.090031
-2.101262
-1.915182
-1.883613
-2.011254
-1.809495
-1.724347
-1.431295
-1.26787
-1.349939
-1.367251
-1.292359
-1.542413
-1.570164
-1.492139
-1.371826
-1.307504
-1.382582
-1.271592
-1.01149
-1.267887
-1.049494
-1.048411
-1.17824
-0.9290858
-1.182104
-1.308218
-1.344963
-1.257047
-1.233454
-1.196118
-1.297873
-1.301979
-0.8934369
-0.9504354
-0.6888762
-0.6558731
-0.7118343
-0.5792234
-0.3598736
-0.6072701
-0.7012317
-0.6289117
-0.5742114
-0.4946314
-0.3722118
-0.334979
-0.5930517
-0.509794
-0.5595524
-0.5260606
-0.4343391
-0.5312585
-0.3458511
-0.06564444
-0.08336549
-0.05495948
-0.02801543
0.04615884
-0.04942049
-0.2560819
-0.1335752
0.1013738
0.1254517
0.1222905
-0.09906863
0.1746156
0.3483386
0.4004593
0.2384492
0.2284434
0.1476619
0.1054797
-0.07618078
0.02434054
0.2485786
0.148669
0.2743322
0.5547594
0.3396128
0.186137
0.00206277
-0.1763928
-0.2822767
-0.2027348
-0.1372838
-0.03633328
-0.02504229
-0.1566663
0.106319
-0.0221011
0.08857799
0.1729446
-0.04919705
-0.05036872
-0.3928568
-0.4457646
-0.4730635
-0.2935362
-0.4522258
-0.4200329
-0.3631218
-0.3060682
0.02264804
-0.1026423
-0.1021512
-0.4242273
-0.4220506
-0.4754774
-0.3459456
-0.2343956
-0.1411729
0.09227862
0.07449067
0.2965584
0.2224008
0.3269462
0.2379734
0.000488446
-0.0156793
-0.08801288
0.01311601
0.09303108
0.149911
0.3144482
0.200669
0.005593258
-0.04622494
0.0164888
0.06019362
0.4420824
0.7307083
0.7506472
0.6435144
0.6831781
0.5467118
0.6528351
0.7689734
0.7503165
0.5525365
0.2613993
0.2687487
0.5014441
0.4664191
0.3003067
0.4356528
0.4123094
0.2880503
0.2707778
0.2400313
0.3300501
0.4869026
0.5387224
0.7673692
0.6520275
0.5227591
0.5917202
0.558111
0.608198
0.578205
0.4929656
0.4720551
0.4791261
0.5625026
0.5638455
0.499425
0.4302956
0.1527855
-0.03443433
-0.04701301
-0.1255502
0.000736529
0.1478275
0.1407364
0.05019668
-0.04055219
-0.2515598
-0.07489111
-0.02850472
-0.2240035
-0.3398215
-0.5128153
-0.7068509
-0.7149344
-0.7480119
-0.9425013
-1.042224
-1.191472
-0.8317123
-1.028472
-1.151774
-1.187719
-1.033098
-1.2067
-1.319204
-1.294808
-1.231273
-1.297522
-1.164375
-1.122578
-0.9484091
-0.8301885
-0.7326155
-0.5756266
-0.6275653
-0.5321451
-0.5398599
-0.4458413
-0.5395747
-0.515314
-0.4494652
-0.3022782
-0.4028571
-0.1568883
-0.1833661
-0.2033933
-0.2273145
-0.1417239
-0.3385252
-0.4700286
-0.4837553
-0.3603902
-0.5110384
-0.4378848
-0.5073672
-0.5322217
-0.6472685
-0.5869622
-0.4897517
-0.3056283
-0.2085424
-0.05598313
-0.1018006
-0.05683728
0.02581273
-0.07686339
-0.0533787
-0.157788
-0.1285876
-0.363249
-0.2899233
-0.1766977
-0.359764
-0.4272252
-0.5726545
-0.6314242
-0.4793884
-0.6606355
-0.4147254
-0.5553749
-0.2778209
-0.5933652
-0.5540885
-0.3716358
-0.06344879
0.07109739
0.2185596
0.2150746
0.2975989
0.1238629
0.04594769
0.09055985
0.1464445
0.08934075
0.3446164
0.4990596
0.5947013
0.6389588
0.7183132
0.6997372
0.8581159
0.5660399
0.687005
0.7403127
0.824179
0.8201042
0.7484331
0.885623
0.7854053
0.665395
0.3193583
0.2737933
0.1621295
0.1277741
0.05751698
0.405643
0.3325277
0.4441779
0.222422
0.1311931
0.0105101
0.03622108
0.05741054
0.08241364
0.1266782
-0.03016985
-0.1828451
-0.08545972
-0.2855129
-0.5225239
-0.7250512
-0.6577311
-0.5739474
-0.6756364
-0.758612
-0.5637469
-0.5660067
-0.6002882
-0.5208197
-0.3492663
-0.4130579
-0.54098
-0.5449081
-0.5842216
-0.5676758
-0.5140779
-0.6483785
-0.5847912
-0.6819754
-0.9581206
-0.8356144
-0.8075322
-0.4062404
-0.5166509
-0.4937958
-0.1933322
-0.0765511
0.02145863
0.02183489
-0.3340643
-0.4366477
-0.531784
-0.6261839
-0.7099137
-0.4027632
-0.6644399
-0.6974555
-0.6419613
-0.3798767
-0.3105309
-0.4281195
-0.4890676
-0.7169231
-0.8485736
-1.054641
-1.102338
-1.295837
-1.376752
-1.59009
-1.527488
-1.511978
-1.616877
-1.930431
-1.89568
-1.833377
-1.6067
-1.461808
-1.610085
-1.456686
-1.514774
-1.253308
-1.170095
-1.098004
-1.105191
-0.8100973
-0.8679901
-0.9924895
-0.917768
-0.9279543
-0.7458835
-0.8189056
-0.8628535
-1.165234
-1.074208
-1.181323
-1.292717
-1.220402
-1.062652
-1.40533
-1.111813
-1.133787
-0.9825642
-0.6906209
-0.68844
-0.7661453
-0.8038782
-0.8676726
-1.001397
-0.8328503
-0.6289435
-0.5689942
-0.7094664
-0.6764695
-0.551011
-0.5222724
-0.5016985
-0.4778906
-0.4724612
-0.5553973
-0.4766228
-0.7056897
-0.6809295
-0.6139379
-0.9067898
-0.8893335
-1.176043
-1.394051
-1.536174
-1.347234
-1.420145
-1.399652
-1.202938
-1.473707
-1.328667
-1.305794
-1.338132
-1.284614
-1.408642
-1.467196
-1.274454
-1.161821
-1.237467
-1.115376
-1.027118
-0.8373288
-0.7984365
-0.8408998
-0.8358962
-0.7932175
-0.8957507
-0.906008
-1.157462
-1.022158
-0.9246107
-0.9549517
-0.8587016
-0.8127385
-1.096913
-1.108173
-1.305407
-1.365861
-1.248177
-1.244161
-1.176097
-1.254692
-1.4257
-1.562912
-1.665628
-1.691092
-1.623193
-1.54286
-1.343579
-1.257148
-0.9627538
-1.152655
-1.11042
-1.162922
-1.1686
-0.8855369
-0.8142433
-0.7222945
-0.749179
-0.9063491
-0.7746589
-0.8304994
-0.9401576
-0.8217291
-1.091113
-1.017724
-0.9857135
-1.011981
-1.104701
-1.231914
-1.267947
-1.126528
-1.311904
-1.278862
-1.365348
-1.322776
-1.294936
-1.285959
-1.087211
-1.230985
-0.8773306
-0.811565
-0.6961055
-0.831132
-0.6447237
-0.6280638
-0.5570779
-0.4958
-0.3786837
-0.5263649
-0.2526679
-0.2220881
-0.02729028
-0.04677622
-0.242784
-0.05178652
-0.0366091
-0.02983591
-0.1523553
-0.04069999
-0.2337836
-0.1311685
-0.1019324
-0.1424996
-0.07493707
0.1360416
-0.132381
-0.2985475
-0.2653225
-0.1940489
-0.1499339
-0.4364024
-0.2610357
-0.1628962
-0.2280859
-0.3001691
-0.3306446
-0.3683468
-0.4393251
-0.5671723
-0.7134723
-0.9805939
-0.8982737
-0.744306
-0.8643257
-1.261059
-1.374691
-1.271518
-1.135296
-1.053264
-1.152629
-0.871571
-0.9182821
-0.8656752
-1.013309
-1.124175
-0.9350421
-0.835961
-0.9283966
-1.023419
-0.7505973
-0.7285327
-0.5651401
-0.8349905
-0.5683198
-0.6086882
-0.4586234
-0.3051667
-0.3984417
-0.2760128
-0.1944087
-0.161938
-0.322821
-0.3584342
-0.1425991
-0.02402154
0.01345128
-0.04800164
0.09197501
0.2354883
-0.1293851
-0.3938591
-0.4643976
-0.5997812
-0.5523053
-0.5065326
-0.1333176
0.06330531
0.1694439
0.2314839
0.2435576
0.004256911
-0.2100177
-0.04945456
-0.1090816
0.07863938
-0.2760097
-0.2104494
-0.3831663
-0.6112813
-0.6189667
-0.5486219
-0.7191715
-0.8115933
-0.9761294
-0.8403415
-0.7872058
-0.7189814
-0.8798737
-1.083326
-1.166057
-1.440484
-1.352027
-1.517315
-1.438569
-1.527117
-1.376459
-1.425578
-1.625117
-1.754833
-1.577502
-1.409188
-1.684365
-1.674906
-1.803148
-1.877421
-1.663033
-1.572142
-1.467723
-1.741082
-1.63976
-1.48066
-1.760065
-1.808045
-2.082412
-1.977427
-1.864236
-1.819691
-2.105299
-1.934916
-1.912768
-1.83004
-1.773421
-1.541998
-1.510762
-1.302293
-1.12137
-1.319828
-1.232046
-1.159636
-1.429033
-1.350581
-1.389159
-1.345468
-1.48373
-1.273515
-1.103143
-1.100685
-0.7992059
-0.689575
-0.6922535
-0.4329769
-0.2131029
-0.1394063
-0.3682291
-0.208585
-0.08406066
-0.4354819
-0.5928844
-0.6754406
-0.9917047
-0.9214717
-1.095994
-0.9991827
-0.9909432
-0.9784553
-0.9576294
-0.9690172
-1.012386
-0.8667114
-0.740222
-0.8207365
-1.018192
-0.9659213
-0.8362272
-0.9969247
-0.8431718
-0.8109244
-0.536427
-0.225207
-0.2201953
-0.04850722
-0.1211162
0.04233
0.1497077
0.2744085
0.2733915
0.3786142
0.2331768
0.2556361
0.1542229
-0.1583541
-0.206832
-0.3931156
-0.2726737
-0.2275056
-0.2092981
-0.1257896
-0.0392256
-0.1984704
-0.1525904
-0.2526818
-0.3322535
-0.2721506
-0.2707414
-0.3323113
-0.1930339
-0.1986942
-0.2552848
-0.2509238
-0.1782421
-0.1089763
0.2043627
0.3274821
0.4917092
0.6061891
0.5393167
0.4312173
0.5253737
0.5392621
0.7457158
0.9429202
0.8405409
0.7073178
0.5510926
0.5765413
0.6302833
0.7827688
0.9196798
1.104581
1.102766
1.435533
1.277443
1.266685
1.10133
0.7779354
0.8912688
0.5254011
0.7014598
0.4863928
0.3969841
0.4468509
0.4831892
0.5134688
0.6577043
0.5325002
0.4119406
0.5851585
0.6130843
0.7617691
0.7481981
0.714205
0.4870842
0.2632151
0.3326779
0.2825273
0.4156197
0.3914887
0.3834601
0.4375328
0.3525345
0.5630612
0.5648409
0.4073468
0.431324
0.5417291
0.6594342
0.8899962
0.8653846
1.048252
1.115559
1.1208
1.065734
0.961618
1.09739
1.021422
0.9532663
0.8993422
0.7126571
0.8717336
0.8115294
0.8323913
0.7981626
0.7147668
0.987449
0.9213124
0.9245055
1.197615
1.13049
1.000203
0.9170368
0.9184782
0.8811138
1.038235
1.097749
1.294608
1.27003
1.153603
1.049389
1.145978
0.8739104
0.914325
1.055522
1.05254
1.095787
1.200544
1.048977
1.037341
0.9300385
1.141969
1.275965
1.130729
1.377266
1.407134
1.709341
1.922227
1.965406
1.811392
1.698881
1.884661
2.169853
2.115747
2.396715
2.267658
2.141453
2.234259
2.468439
2.591902
2.642037
2.658642
2.549408
2.622462
2.628194
2.685107
2.522609
2.566434
2.363487
2.292175
2.422796
2.531267
2.4371
2.72476
2.715765
2.823534
2.61508
2.661575
2.717111
2.936814
2.793294
2.793434
2.860346
2.871816
2.906163
2.919237
2.869881
2.592328
2.641347
2.506087
2.200338
2.296836
2.532434
2.361485
2.476911
2.498022
2.295192
2.21054
2.040793
2.098885
2.151662
2.193012
2.201645
1.998179
2.055165
2.059738
2.044205
1.905295
1.635378
1.76885
1.939335
2.166217
2.10303
2.092523
2.133283
2.106186
2.102989
2.00581
2.019937
1.995865
1.98862
2.063272
2.070361
2.231032
2.171996
1.981688
1.773143
1.619092
1.395857
1.497133
1.571205
1.593363
1.51939
1.7682
1.813279
1.690264
1.709657
1.776242
1.751519
1.748484
1.740433
1.508351
1.30281
1.529373
1.542087
1.714712
1.890879
1.7939
1.951959
1.926033
1.829705
1.913925
1.75275
1.588689
1.513514
1.112241
1.120513
1.308475
1.177256
1.28729
1.270706
1.166445
0.8836694
0.7860219
0.75082
0.5962271
0.8136457
0.7643689
0.875377
0.6485773
0.7320989
0.8913766
0.9340641
0.5800958
0.2178232
0.1088036
-0.3174783
-0.06132454
-0.01806544
-0.03562585
-0.1920236
-0.3711165
-0.5260686
-0.2830262
-0.3209606
-0.04836681
0.1217263
0.112913
0.1988574
0.193973
0.3554814
0.2033888
0.2643984
0.412464
0.3589072
0.5498267
0.6210531
0.7156003
0.6815985
0.7753997
0.8200119
1.010196
1.373469
1.274302
1.197298
1.052935
1.097095
1.244818
1.119597
1.321658
1.353233
1.534969
1.543539
1.656554
1.74169
1.724026
1.497377
1.70913
1.6939
1.849988
2.116983
2.268235
2.167847
2.342743
2.222179
2.253701
2.390981
2.546725
2.212687
2.091815
2.196326
2.267528
2.241307
2.211882
2.430365
2.525081
2.147912
2.230746
2.157037
2.138191
2.237896
2.284356
2.51219
2.795382
2.734352
2.448137
2.244449
2.430592
2.750388
2.805191
2.79669
2.949114
2.710072
2.672473
2.408281
2.311053
2.512466
2.55277
2.549781
2.386508
2.405669
2.407945
2.37058
2.07931
2.030104
2.042242
1.868166
1.827957
1.785364
1.712336
1.537255
1.584907
1.44098
1.550559
1.504924
1.521977
1.421595
1.453308
1.34713
1.114612
1.130703
1.130622
1.014323
1.038594
1.261199
1.147126
1.071301
1.182909
1.271558
1.188155
1.085392
1.071915
1.016683
0.9348077
0.7916305
0.7496297
0.5773903
0.7927761
0.9578293
0.8545257
0.9184545
0.8399378
0.7357307
0.3810092
0.3051839
0.2374536
0.05650607
0.05795529
0.12236
0.06818753
0.00730468
0.0639057
0.2222555
0.3811638
0.4183383
0.3934664
0.4999554
0.5357712
0.6896088
0.8710978
1.014999
0.7719269
0.9631802
0.9317234
0.9040873
0.9019452
0.8551243
0.7173947
0.8613226
0.7886588
0.9429093
1.010952
1.063439
0.9584781
1.13206
1.082965
1.042363
0.8664803
0.5774216
0.6992832
0.9577291
0.917321
0.9997184
0.9416005
0.8215887
0.6121665
0.6329273
0.6624683
0.5255966
0.5053339
0.236875
0.2332291
0.1592073
0.1677624
0.2995943
0.1906308
0.2226661
0.03256009
0.1232466
0.111356
-0.01245471
-0.02408023
0.09690699
0.01074049
-0.2195788
-0.5056588
-0.438902
-0.5429899
-0.4440503
-0.4961643
-0.8523749
-0.591621
-0.5657313
-0.5551016
-0.4091243
-0.4378249
-0.2766589
-0.06858159
0.0181474
-0.07859712
0.006920476
0.06430778
-0.1332653
0.1072829
0.01811754
-0.08132776
-0.1577404
-0.0008926634
0.1839334
0.3539144
0.4216054
0.2442114
0.2051106
0.1870993
-0.0152048
0.1247656
0.1869017
0.2426978
0.1142552
0.06297931
0.2419501
0.0366006
0.02089834
0.05702043
-0.02269435
0.05477656
0.005338991
0.08871922
0.1143672
-0.1577794
-0.1486149
-0.2220736
-0.3090902
-0.09933484
0.04014039
-0.02088701
-0.2362521
-0.0418059
-0.1412596
-0.2294882
-0.4085058
-0.530468
-0.4138494
-0.3466293
-0.5751676
-0.8923805
-0.7673873
-0.7639119
-0.7336071
-0.9257157
-0.8448914
-0.7759613
-0.9246471
-0.7862738
-0.8144494
-0.5744365
-0.5105435
-0.3937624
-0.2270145
-0.4150527
-0.7492565
-0.7722276
-0.7826062
-0.8929422
-0.4633683
-0.4320474
-0.4964733
-0.5112747
-0.5836851
-0.7628274
-0.9982466
-0.7929089
-1.057556
-0.73802
-0.5602334
-0.4936288
-0.479257
-0.4600067
-0.5001902
-0.5316323
-0.3330224
-0.3150768
-0.2866836
-0.2589521
-0.1179621
-0.2297206
-0.1363824
0.05433636
0.03848182
0.02318417
0.1276265
-0.1885209
-0.1233668
-0.2367368
-0.4006091
-0.4540581
-0.2009498
-0.3271441
-0.3539276
-0.1461281
-0.09118504
-0.08163367
0.03075102
-0.01211276
-0.02940873
0.05910708
0.01060244
-0.14878
-0.2137464
-0.2595238
-0.3989992
-0.5077187
-0.309343
-0.2492954
-0.005693102
-0.2155171
-0.2119752
-0.161223
-0.1139206
-0.1157866
-0.1756836
-0.2788955
-0.1099903
-0.02556272
-0.03742759
-0.03677073
-0.1628391
-0.3265543
-0.4704404
-0.580924
-0.7658304
-0.9599437
-0.921493
-1.116434
-1.186965
-1.132372
-0.9947905
-1.029529
-1.103273
-1.022119
-1.072338
-1.141473
-0.9033661
-0.8739252
-0.7958267
-0.8021022
-0.5542294
-0.5876026
-0.5848532
-0.6113277
-0.5246824
-0.5853496
-0.9249211
-1.17024
-1.091124
-1.238974
-1.436427
-1.33003
-1.396173
-1.295404
-1.48054
-1.371809
-1.328787
-1.132104
-0.870031
-0.9260796
-1.11569
-1.166232
-1.265372
-1.254468
-1.213384
-1.221497
-0.9516133
-1.26414
-1.257998
-1.132157
-1.06101
-0.9795126
-0.9050796
-0.7805255
-0.8452561
-0.8084381
-0.6792336
-0.7361967
-0.8455038
-0.7542103
-0.9216987
-1.014517
-1.229134
-0.926863
-1.318311
-1.248273
-1.32645
-1.36544
-1.089184
-1.012453
-1.082526
-1.151339
-1.066728
-0.8709291
-1.013516
-0.9441523
-1.095522
-1.108531
-1.154702
-1.247275
-1.382618
-1.405539
-1.45224
-1.675853
-1.456624
-1.496998
-1.589944
-1.548809
-1.631415
-1.671641
-1.759587
-1.796208
-1.875841
-1.672775
-1.720511
-1.715512
-1.757097
-1.889483
-1.708394
-1.899683
-1.656273
-1.7465
-1.503656
-1.547504
-1.428825
-1.3231
-1.642238
-1.544238
-1.581546
-1.565191
-1.528988
-1.586655
-1.556189
-1.621359
-1.636701
-1.771645
-1.878127
-1.786757
-1.723834
-1.766856
-1.685711
-1.478434
-1.204164
-0.840368
-0.889689
-0.766241
-0.7592354
-0.6485222
-0.6637574
-0.6444823
-0.6984391
-0.8007158
-1.054682
-1.154931
-1.054653
-1.105143
-0.8322321
-0.8511033
-0.6236012
-0.7566276
-0.6776931
-0.744456
-1.019538
-1.163892
-1.230059
-1.083634
-0.7631397
-0.7442796
-0.9380138
-1.136332
-1.089058
-1.068671
-0.9380025
-0.770996
-0.7215206
-0.6469553
-0.4422396
-0.3324512
-0.254644
-0.2606136
-0.1592064
0.02025137
0.09403441
-0.05126716
